,start,end,length,delta_x,delta_y,angle,interval
0,5217,5363,146,-12.414661269110027,2.653988876534882,-12.066974163822353,5217
1,5512,5725,213,-11.99477339248756,-3.8489801197449793,17.790817868567196,149
2,6817,6976,159,-10.20150575101276,-3.6411622002183037,19.642702010754828,1092
3,6994,7148,154,-12.288524969254368,-5.457328347261779,23.94598517176504,18
4,7178,7348,170,-17.028147496241957,0.05210557983292574,-0.17532268241707188,30
5,7376,7543,167,-15.051070448956324,-5.401757105873983,19.742819328183213,28
6,7578,7754,176,-18.60020318902029,-18.601097721485218,45.00137771888653,35
7,7795,8083,288,-28.422739536679956,-0.4153113626280458,0.8371429124985547,41
8,8106,8253,147,-12.479021813803186,-5.434371365741356,23.532188935728097,23
9,8279,8455,176,-14.793327379127135,-5.538185288052475,20.524417415714527,26
10,8468,8589,121,-8.942773375794872,-2.1073400823273403,13.25969077838728,13
11,8611,8760,149,-7.902859925841355,-5.978098821137124,37.105593053441474,22
12,8778,8931,153,-8.418443200927143,-7.411043256167474,41.35856604163657,18
13,8962,9096,134,-8.637044157969157,3.998271360936883,-24.840421390996983,31
14,9125,9258,133,-7.474067321290008,-5.321046889283124,35.44837819137917,29
15,9798,10016,218,-9.882510365981616,-21.297480728228464,65.10763885566816,540
16,10244,10528,284,-7.496397809734233,-5.9311107284299,38.350860689252556,228
17,10703,11005,302,-4.909099564467866,-7.42452841471642,56.52731502156078,175
18,11100,18794,7694,-19.58001375307991,-4.597750222817524,13.214697966276594,95
19,18871,29610,10739,-4.834918052311693,-1.371507079230085,15.83689358181234,77
20,35006,37848,2842,-5.0288697053455,-4.654663710190121,42.786989487169855,5396
21,43726,48535,4809,-1.1585270742815368,-6.787063343111299,80.31318079494464,5878
22,48609,50321,1712,0.7223115987161748,-6.355643162973621,-83.51621945882337,74
23,50396,52186,1790,-5.934496741155598,-6.497525885441178,47.593074884935646,75
24,52261,53343,1082,-2.494902172416346,1.5958635333130218,-32.60500396701791,75
25,53427,57529,4102,-2.6694743598026633,-7.450844928168095,70.28851145500349,84
26,61446,63355,1909,-5.37316443982904,-2.0766612886678644,21.130897642959976,3917
27,63521,66411,2890,-0.13181757627943114,-4.981438164613351,88.48420708208855,166
28,66522,66860,338,-1.6611156371257607,0.3305864637439129,-11.255641074331377,111
29,66933,69330,2397,-2.147834962525664,-8.528905947167743,75.86511189845545,73
30,69415,71779,2364,-1.8146939974073604,-3.7692052346795606,64.29138543538323,85
31,71856,74631,2775,-3.3681544521430737,-4.923386904383236,55.623449882414654,77
32,74703,78500,3797,-4.370214605523472,-4.44792256439986,45.504893805449804,72
33,78591,80114,1523,-2.0682248071590266,-6.849763572239965,73.19877917076228,91
34,80216,82244,2028,-2.3400286812583317,-3.71223839420405,57.774506632528,102
35,82325,84562,2237,-1.7184853940971152,-5.425991768511935,72.42629717975676,81
36,84616,86783,2167,-1.8937599422453815,-2.006951847214907,46.662157915924155,54
37,86868,89248,2380,-2.671659531629274,-2.9931796601978817,48.24845998373664,85
38,89371,94070,4699,-2.3559339156918924,-4.032340995151841,59.703981881259104,123
39,94167,97037,2870,-2.6660070007925754,-5.191328129961818,62.817230807921284,97
40,97130,99783,2653,-2.3525663772584835,-4.2850136750545005,61.23224946171793,93
41,99855,101393,1538,-0.7970396241272368,-2.193098178682831,70.02729198658064,72
42,102243,104937,2694,-0.654651365992521,-2.8245999063268528,76.95107298511876,850
43,106779,109807,3028,-0.32382572559397715,-6.9578368737475245,87.33531142932442,1842
44,109870,111570,1700,-3.7061204437981132,-4.645587422888923,51.41810821054661,63
45,117687,119816,2129,-0.33054066956781014,-2.2591913376755883,81.67615470220484,6117
46,120705,122798,2093,0.625204406531708,-4.859510451750012,-82.66883553536806,889
47,122865,125084,2219,-2.736316944276865,-5.10768876452147,61.82092958057381,67
48,127860,132846,4986,-3.1840850964242975,-4.579111377276803,55.18717966628758,2776
49,138613,142691,4078,-1.202955908447123,-3.885904237564759,72.7990903146313,5767
50,142798,143590,792,0.5595067322749685,-2.467159166766905,-77.22248471965362,107
51,143714,146890,3176,-0.6528102166282679,-4.070747066345945,80.88926655470553,124
52,147009,149076,2067,-0.4453912154589972,-5.9009107868997575,85.68359152726478,119
53,149170,153373,4203,0.25460230022689245,-2.8957360431983545,-84.97529450120304,94
54,154653,158667,4014,-0.21676486507246295,-8.35183561715138,88.51327002878224,1280
55,158787,161452,2665,-1.6521181164081042,0.3135477938325266,-10.746095882991714,120
56,161540,161945,405,-2.555118777572261,0.714898608031362,-15.631128511005588,88
57,162031,166238,4207,-0.4395582212997482,-8.29728775492768,86.96752588269224,86
58,166520,170909,4389,-2.790790690416827,-3.9174142783270582,54.53368812643986,282
59,171022,174596,3574,-1.9832826041156153,-5.047394956326627,68.54855205888491,113
60,174702,176000,1298,-2.406941956190977,1.6467100737997669,-34.37799446697044,106
61,180414,183261,2847,-1.1709824049729463,-1.663668865470683,54.85999230331353,4414
62,189172,193694,4522,-3.4408203014186824,-4.829680935294036,54.53270384522617,5911
63,193795,198269,4474,-0.7131980399837374,-4.4753027084280035,80.94530833574917,101
64,198478,205198,6720,-2.830470839231978,-4.158821009397542,55.761010964350206,209
65,205282,207230,1948,-3.9931172229891843,-2.739810131858718,34.45531013518969,84
66,207429,208284,855,-3.2818121096098167,-2.902670652106096,41.4918566331165,199
67,210603,212177,1574,-5.243358973030283,-1.5834259606315868,16.803630696838418,2319
68,212268,215849,3581,-2.5996280557494487,-4.338395879173021,59.06936361032543,91
69,218435,219461,1026,-8.800454113285113,-2.29881879292536,14.639453103540333,2586
70,220210,222551,2341,-22.815413134267104,-4.857175346120044,12.018282439296627,749
71,223083,224263,1180,-6.1731264179747285,-5.561346121237364,42.015569126197775,532
72,224338,225658,1320,-4.623885990798527,-2.8055198061387614,31.247073841881967,75
73,225717,240335,14618,-1.557443253332906,-5.931533714391378,75.28793997756624,59
74,249702,251900,2198,-0.3283468386080983,-1.2346382151636135,75.10715067301419,9367
75,252008,255753,3745,-0.8796476634078516,-5.029852017082646,80.0801258071462,108
76,256053,257665,1612,-0.5431619025457053,-2.209293825068343,76.18759312992574,300
77,257726,261694,3968,-1.0882119700292634,-3.2796377174942535,71.64371227959023,61
78,261883,265115,3232,-0.9777493267302333,-3.7577046474771265,75.41512819574928,189
79,265417,270216,4799,-0.28494152712892173,-4.027875441759036,85.95350096795073,302
