,start,end,length,delta_x,delta_y,angle,interval
0,600,3253,2653,-30.66848059941016,-5.28719173221495,9.781540998914215,600
1,3296,4275,979,-5.62561130195715,-0.22999084368547074,2.341109200119601,43
2,4324,4596,272,-4.501573383328278,-3.873791387383463,40.713366148928486,49
3,4626,6943,2317,-15.286960981519172,-6.663646994631904,23.552578315188978,30
4,7024,12900,5876,-6.68786120650757,-9.477953671857321,54.79232985702403,81
5,12989,14851,1862,-5.157124777537646,-4.947052398508632,43.80895527443409,89
6,14934,17967,3033,-5.370888930057944,-6.128555488687027,48.76961181124695,83
7,21704,23406,1702,-3.3716232820306544,-4.906012319790875,55.501471947245996,3737
8,23477,27448,3971,-2.160933378365641,-5.851055737381216,69.72961845353461,71
9,27570,31930,4360,-2.7010099316209164,-7.408118603140053,69.96807692339974,122
10,32017,36116,4099,-5.8262697365944405,-5.681037223958413,44.27691437512675,87
11,36180,41449,5269,-9.073161331174106,-4.442217990793637,26.086360915848996,64
12,41549,45022,3473,-12.276980635238232,-5.483636241990013,24.068405139472294,100
13,45108,46642,1534,-4.092771188638736,-6.196753975987363,56.55642783041479,86
14,46736,50431,3695,-2.492128523973392,-5.290007243440698,64.77482112105662,94
15,50495,52134,1639,-3.7765713971837727,-2.4875374838682376,33.371943004082006,64
16,52230,57007,4777,-4.265646637446778,-6.526398256059721,56.83141394074338,96
17,57122,59870,2748,-2.814382843853849,-3.7552637844752894,53.1502718798722,115
18,59976,63852,3876,-6.192245089868166,-7.5965554932648445,50.81519688488419,106
19,66807,68612,1805,-1.930979308481696,-4.4227641980411505,66.41391336457684,2955
20,68735,71197,2462,-1.1358777648487006,-9.316539534514376,83.04877316838865,123
21,71315,75108,3793,-4.103475073844848,-5.610794729377474,53.819993450783095,118
22,89705,92973,3268,-9.979111018009561,-5.4650987130927575,28.707487161823693,14597
23,103937,104577,640,-0.4440184569229757,-5.910378581948478,85.70371262251797,10964
24,104842,112239,7397,-1.1878994422853282,-6.164333050004075,79.09250763752141,265
25,112332,115907,3575,-1.6982625557505031,-3.557465230075721,64.48112638057506,93
26,116867,125684,8817,1.1330490512315095,-3.906453298775972,-73.82543830886763,960
27,125788,130052,4264,-2.551715307264587,-1.2498400055327181,26.095791110341416,104
28,130174,133289,3115,-2.299855053215751,-3.5478182226854216,57.04688164497691,122
29,133386,138133,4747,-2.3468804116582476,-5.379883537040911,66.4316025459043,97
30,143418,148146,4728,-1.21424959120651,-9.072460233514377,82.37688838880129,5285
31,148254,151014,2760,-2.6271700543190804,-5.054352591916924,62.53532482362755,108
32,151112,156715,5603,0.19149880668234687,-10.237951025884442,-88.9284189729311,98
33,156796,162169,5373,-4.885168725422801,-4.605389030777459,43.31142122482711,81
34,162372,163973,1601,-3.7089205448841938,-1.8401587633426857,26.388033782848048,203
35,164143,166138,1995,0.8117199585303325,-4.954979273698058,-80.69649794582928,170
36,166262,176468,10206,-1.4924592287709544,-6.018397610113482,76.07258521563648,124
37,183143,191360,8217,-3.473728908623613,-9.773015203017195,70.432708518638,6675
38,191453,195143,3690,-4.912772363468733,-2.331395033513431,25.387048111152243,93
39,195269,200123,4854,-3.6347533934571885,-6.019957471462519,58.8770967299811,126
40,200218,205473,5255,-3.2526876963056424,-4.442672772956072,53.79040415231771,95
41,205563,209805,4242,-1.6495172948652055,-3.1678362081447915,62.49365155818607,90
42,227742,239049,11307,-14.121096830744165,-4.011745564617215,15.859630311300036,17937
43,245109,249015,3906,-1.8693702091830602,-2.1713709214614028,49.274279116806376,6060
44,255367,265390,10023,-3.768166000580152,-6.22346605067996,58.80605600046172,6352
45,265543,270285,4742,-1.1206115307892475,-2.9608083227027464,69.269266828003,153
0,268,360,92,-4.079884829521205,-1.879078460442571,24.729447733371636,268
1,459,1451,992,-19.34725169104418,-6.157774446956324,17.65504725845534,99
2,1476,3052,1576,-9.410156629984854,-4.836337423614836,27.200837228572034,25
3,3893,4059,166,-4.685003722174713,-0.12862606647297525,1.5726518755191898,841
4,4086,4656,570,-16.204343896121898,-2.514491809682468,8.820464672576149,27
5,4679,5574,895,-13.723861330869397,-1.9128828076449764,7.934975848265345,23
6,5698,6724,1026,-7.735972779960051,-1.2167528547826834,8.938540566145347,124
7,7576,14466,6890,-19.30475085640822,-6.6801133495882965,19.087394804033007,852
8,14568,17164,2596,-5.807897216968058,-1.9998593224916448,19.00035221066131,102
9,17248,21631,4383,-6.69562714628421,-3.7704168430082916,29.384570938707157,84
10,21715,23935,2220,-5.833485667937211,-0.44636106609684134,4.375577381064497,84
11,29434,31319,1885,-7.3251249499116255,-0.9593442831551613,7.461348424317143,5499
12,31546,32698,1152,-4.937934367508433,-3.127764769998919,32.35080842311775,227
13,34088,34901,813,-5.9226192439428615,-5.2630593230923495,41.62548014367838,1390
14,65107,67790,2683,-0.8066076789118171,-4.266271798192818,79.29368191746573,30206
15,73636,77710,4074,-1.8433640818869463,-5.467216225648443,71.36759906425056,5846
16,77789,81096,3307,-1.9873147932846251,-5.270674355534766,69.34098193343995,79
17,81205,87056,5851,-6.326626503320782,-3.320906659661375,27.69540993867953,109
18,96432,101326,4894,-0.5773125503088181,-5.492160173200148,83.9993473131463,9376
19,101390,103460,2070,-2.7599646264397535,-1.9648841074265704,35.447963280019714,64
20,103527,106776,3249,-3.3794023777953726,-5.437490954133466,58.139035490374255,67
21,108940,111246,2306,-4.578244301271042,-1.467758248687602,17.77554541709205,2164
22,111309,113102,1793,-3.104705642306385,-2.859194540948394,42.64268155589613,63
23,128404,130335,1931,-2.37401072227658,-2.4254999505870245,45.6146464722911,15302
24,130414,131577,1163,-6.079365092585107,-10.006079584516215,58.7185098069915,79
25,143392,145338,1946,-0.02200525268953868,-4.592867594007274,89.72548774091466,11815
26,145406,151403,5997,-3.2856602003877953,-8.062556211686683,67.82807719972202,68
27,151473,152179,706,-3.618660218126095,2.447686467678693,-34.074688789706386,70
28,152257,154262,2005,-1.3167662479229847,-4.231720627355543,72.71565075679678,78
29,174109,177068,2959,-1.1452092774570133,-5.93062474511764,79.07064994553446,19847
30,177149,180416,3267,-1.93613637993775,-6.846452412589343,74.2094097105957,81
31,180508,182625,2117,-0.5616265635413384,-4.207723749767325,82.39737314806415,92
32,182695,184158,1463,-1.7195586273639378,-3.881039204888083,66.10347027962881,70
33,189928,190691,763,-2.8880447889166874,-1.5880614317179749,28.80526135673392,5770
34,190754,198975,8221,-3.6503495901145158,-7.715712582051481,64.6808899597191,63
35,199120,201094,1974,-5.937479940470411,-1.0183770183666212,9.732484214218228,145
36,226054,229296,3242,-1.4333071278248184,-2.2775871633404847,57.81740490892866,24960
37,229383,232309,2926,-2.6278867782646245,-2.382444301097138,42.195477723214054,87
38,232442,236126,3684,-2.7999493926196806,-4.308809538416696,56.98339454316154,133
39,236197,240788,4591,-3.3733050651179184,-2.9038549664510356,40.722981408723435,71
40,240906,243216,2310,-1.8966399702132577,-1.598356226918284,40.121858810085065,118
41,243281,246691,3410,-1.137424731146524,-4.535300536464149,75.92096475426412,65
42,246783,247910,1127,-1.5258026263292663,-1.443158499814686,43.40552401575064,92
43,248069,251622,3553,-2.367841690607918,-5.958482863496883,68.32762038756296,159
44,265275,270246,4971,-4.680753333885292,-3.3404062404281376,35.51344362848205,13653
0,318,1349,1031,-17.162693819127284,-4.853839714648586,15.79161372169252,318
1,1388,3933,2545,-10.18364188855898,-4.829234222077261,25.371002634281492,39
2,6052,9336,3284,-9.457292648540303,-4.611213921897956,25.993069970026742,2119
3,13332,15368,2036,-4.936379680357291,-8.308813541533524,59.2848743824993,3996
4,15449,18374,2925,-4.589000177923992,-6.367154224450445,54.21856963583509,81
5,18462,21300,2838,-4.79697491009631,-4.941191568108749,45.84845559574452,88
6,21383,22228,845,-5.435704968166192,-0.6884160425055086,7.217915070873789,83
7,22307,28586,6279,-7.166419686831148,-6.313002836941024,41.37729244083878,79
8,39530,40589,1059,-3.0793864282842236,2.6638343520973535,-40.86156244340109,10944
9,44917,45755,838,-1.4041255446888243,0.33035522323140754,-13.239465993065478,4328
10,45816,48667,2851,-4.765108580557154,-5.1425837445023035,47.18186814724714,61
11,48710,50511,1801,-4.569897207441414,-2.791189084474496,31.41563453265994,43
12,50551,51105,554,-2.6830143530690833,-0.6423253558918987,13.46346039700429,40
13,51276,53747,2471,-1.8895170325474595,-8.631335029253876,77.65196490782242,171
14,53807,55073,1266,-5.127458961080748,-2.2280148962218362,23.48620561454538,60
15,55129,57539,2410,-3.4687191981593912,-6.669945742298623,62.523219305621545,56
16,57597,59586,1989,-2.0810685052274636,-3.6727606684484897,60.46313711513065,58
17,59659,63786,4127,-3.2815331228770646,-5.561517329575963,59.45757716375397,73
18,63862,65039,1177,-1.6632966672212603,-1.18463949554814,35.459374828812834,76
19,68752,71803,3051,-3.5030978842661256,-5.263303819500024,56.353449471693146,3713
20,71903,74618,2715,-3.8820850135960256,-3.2900970735587833,40.28153393098183,100
21,74702,79734,5032,-3.3025410508213326,-6.56731683023078,63.30330899462318,84
22,81589,86935,5346,-2.653934385813855,-6.978549633479162,69.1782482868547,1855
23,95385,100969,5584,-2.8628436852534094,-6.392656968888616,65.87558289498416,8450
24,101165,103339,2174,-0.25615327041957414,-2.0653415840652656,82.93001384266766,196
25,106050,109925,3875,-1.9416370357911745,-7.617698620919455,75.70063559193345,2711
26,110053,116109,6056,-5.180539463008245,-2.8918706363654394,29.17104331467375,128
27,121897,125003,3106,-4.8034416685253944,-5.432136159020999,48.51483267982407,5788
28,128238,132580,4342,-2.288251876120583,-5.873291456013504,68.71396328610372,3235
29,132727,134251,1524,-3.940596984925861,0.7855956164019204,-11.274644046580411,147
30,134690,136749,2059,-3.5789593952705445,-3.40101691422754,43.53965903453825,439
31,166753,169705,2952,-0.8689255278513031,-1.6097718559976784,61.640634620902475,30004
32,169805,174092,4287,-2.2775601158532055,-3.9260274629786522,59.881198064551924,100
33,174227,178912,4685,-3.0230972033539842,-2.9333852822616393,44.1371206322056,135
34,178964,187405,8441,-1.9956433881295368,-3.262474529324905,58.54603140976688,52
35,187509,191022,3513,-1.9755380802851619,-3.3070502335061605,59.14710196350496,104
36,201986,205240,3254,-3.6830215210165704,-3.9549963710995826,47.03932881545999,10964
37,205448,213424,7976,-4.3749843565117175,-3.0879256752369315,35.2149830581276,208
38,232116,234314,2198,0.9584096289568578,-3.294247991941859,-73.77847631358215,18692
39,234419,240553,6134,-0.21896998577749116,-7.85455123795019,88.4031159842725,105
40,240839,243201,2362,-2.5370740740029873,-4.422331369511639,60.15727662508075,286
41,243328,246332,3004,-0.9289490878325921,-4.238649304563964,77.63840963574171,127
42,246453,249572,3119,-1.4989301499993246,-8.410199140981248,79.89441705593018,121
43,249724,254312,4588,-3.182011856115736,-2.424685235019439,37.30731181536851,152
44,254495,257796,3301,-5.730975125292858,5.9051037386047085,-45.85734121627945,183
45,266574,269100,2526,-1.5281688075043292,-3.10477155776006,63.79358510844911,8778
0,5217,5363,146,-12.414661269110027,2.653988876534882,-12.066974163822353,5217
1,5512,5725,213,-11.99477339248756,-3.8489801197449793,17.790817868567196,149
2,6817,6976,159,-10.20150575101276,-3.6411622002183037,19.642702010754828,1092
3,6994,7148,154,-12.288524969254368,-5.457328347261779,23.94598517176504,18
4,7178,7348,170,-17.028147496241957,0.05210557983292574,-0.17532268241707188,30
5,7376,7543,167,-15.051070448956324,-5.401757105873983,19.742819328183213,28
6,7578,7754,176,-18.60020318902029,-18.601097721485218,45.00137771888653,35
7,7795,8083,288,-28.422739536679956,-0.4153113626280458,0.8371429124985547,41
8,8106,8253,147,-12.479021813803186,-5.434371365741356,23.532188935728097,23
9,8279,8455,176,-14.793327379127135,-5.538185288052475,20.524417415714527,26
10,8468,8589,121,-8.942773375794872,-2.1073400823273403,13.25969077838728,13
11,8611,8760,149,-7.902859925841355,-5.978098821137124,37.105593053441474,22
12,8778,8931,153,-8.418443200927143,-7.411043256167474,41.35856604163657,18
13,8962,9096,134,-8.637044157969157,3.998271360936883,-24.840421390996983,31
14,9125,9258,133,-7.474067321290008,-5.321046889283124,35.44837819137917,29
15,9798,10016,218,-9.882510365981616,-21.297480728228464,65.10763885566816,540
16,10244,10528,284,-7.496397809734233,-5.9311107284299,38.350860689252556,228
17,10703,11005,302,-4.909099564467866,-7.42452841471642,56.52731502156078,175
18,11100,18794,7694,-19.58001375307991,-4.597750222817524,13.214697966276594,95
19,18871,29610,10739,-4.834918052311693,-1.371507079230085,15.83689358181234,77
20,35006,37848,2842,-5.0288697053455,-4.654663710190121,42.786989487169855,5396
21,43726,48535,4809,-1.1585270742815368,-6.787063343111299,80.31318079494464,5878
22,48609,50321,1712,0.7223115987161748,-6.355643162973621,-83.51621945882337,74
23,50396,52186,1790,-5.934496741155598,-6.497525885441178,47.593074884935646,75
24,52261,53343,1082,-2.494902172416346,1.5958635333130218,-32.60500396701791,75
25,53427,57529,4102,-2.6694743598026633,-7.450844928168095,70.28851145500349,84
26,61446,63355,1909,-5.37316443982904,-2.0766612886678644,21.130897642959976,3917
27,63521,66411,2890,-0.13181757627943114,-4.981438164613351,88.48420708208855,166
28,66522,66860,338,-1.6611156371257607,0.3305864637439129,-11.255641074331377,111
29,66933,69330,2397,-2.147834962525664,-8.528905947167743,75.86511189845545,73
30,69415,71779,2364,-1.8146939974073604,-3.7692052346795606,64.29138543538323,85
31,71856,74631,2775,-3.3681544521430737,-4.923386904383236,55.623449882414654,77
32,74703,78500,3797,-4.370214605523472,-4.44792256439986,45.504893805449804,72
33,78591,80114,1523,-2.0682248071590266,-6.849763572239965,73.19877917076228,91
34,80216,82244,2028,-2.3400286812583317,-3.71223839420405,57.774506632528,102
35,82325,84562,2237,-1.7184853940971152,-5.425991768511935,72.42629717975676,81
36,84616,86783,2167,-1.8937599422453815,-2.006951847214907,46.662157915924155,54
37,86868,89248,2380,-2.671659531629274,-2.9931796601978817,48.24845998373664,85
38,89371,94070,4699,-2.3559339156918924,-4.032340995151841,59.703981881259104,123
39,94167,97037,2870,-2.6660070007925754,-5.191328129961818,62.817230807921284,97
40,97130,99783,2653,-2.3525663772584835,-4.2850136750545005,61.23224946171793,93
41,99855,101393,1538,-0.7970396241272368,-2.193098178682831,70.02729198658064,72
42,102243,104937,2694,-0.654651365992521,-2.8245999063268528,76.95107298511876,850
43,106779,109807,3028,-0.32382572559397715,-6.9578368737475245,87.33531142932442,1842
44,109870,111570,1700,-3.7061204437981132,-4.645587422888923,51.41810821054661,63
45,117687,119816,2129,-0.33054066956781014,-2.2591913376755883,81.67615470220484,6117
46,120705,122798,2093,0.625204406531708,-4.859510451750012,-82.66883553536806,889
47,122865,125084,2219,-2.736316944276865,-5.10768876452147,61.82092958057381,67
48,127860,132846,4986,-3.1840850964242975,-4.579111377276803,55.18717966628758,2776
49,138613,142691,4078,-1.202955908447123,-3.885904237564759,72.7990903146313,5767
50,142798,143590,792,0.5595067322749685,-2.467159166766905,-77.22248471965362,107
51,143714,146890,3176,-0.6528102166282679,-4.070747066345945,80.88926655470553,124
52,147009,149076,2067,-0.4453912154589972,-5.9009107868997575,85.68359152726478,119
53,149170,153373,4203,0.25460230022689245,-2.8957360431983545,-84.97529450120304,94
54,154653,158667,4014,-0.21676486507246295,-8.35183561715138,88.51327002878224,1280
55,158787,161452,2665,-1.6521181164081042,0.3135477938325266,-10.746095882991714,120
56,161540,161945,405,-2.555118777572261,0.714898608031362,-15.631128511005588,88
57,162031,166238,4207,-0.4395582212997482,-8.29728775492768,86.96752588269224,86
58,166520,170909,4389,-2.790790690416827,-3.9174142783270582,54.53368812643986,282
59,171022,174596,3574,-1.9832826041156153,-5.047394956326627,68.54855205888491,113
60,174702,176000,1298,-2.406941956190977,1.6467100737997669,-34.37799446697044,106
61,180414,183261,2847,-1.1709824049729463,-1.663668865470683,54.85999230331353,4414
62,189172,193694,4522,-3.4408203014186824,-4.829680935294036,54.53270384522617,5911
63,193795,198269,4474,-0.7131980399837374,-4.4753027084280035,80.94530833574917,101
64,198478,205198,6720,-2.830470839231978,-4.158821009397542,55.761010964350206,209
65,205282,207230,1948,-3.9931172229891843,-2.739810131858718,34.45531013518969,84
66,207429,208284,855,-3.2818121096098167,-2.902670652106096,41.4918566331165,199
67,210603,212177,1574,-5.243358973030283,-1.5834259606315868,16.803630696838418,2319
68,212268,215849,3581,-2.5996280557494487,-4.338395879173021,59.06936361032543,91
69,218435,219461,1026,-8.800454113285113,-2.29881879292536,14.639453103540333,2586
70,220210,222551,2341,-22.815413134267104,-4.857175346120044,12.018282439296627,749
71,223083,224263,1180,-6.1731264179747285,-5.561346121237364,42.015569126197775,532
72,224338,225658,1320,-4.623885990798527,-2.8055198061387614,31.247073841881967,75
73,225717,240335,14618,-1.557443253332906,-5.931533714391378,75.28793997756624,59
74,249702,251900,2198,-0.3283468386080983,-1.2346382151636135,75.10715067301419,9367
75,252008,255753,3745,-0.8796476634078516,-5.029852017082646,80.0801258071462,108
76,256053,257665,1612,-0.5431619025457053,-2.209293825068343,76.18759312992574,300
77,257726,261694,3968,-1.0882119700292634,-3.2796377174942535,71.64371227959023,61
78,261883,265115,3232,-0.9777493267302333,-3.7577046474771265,75.41512819574928,189
79,265417,270216,4799,-0.28494152712892173,-4.027875441759036,85.95350096795073,302
