,start,end,length,delta_x,delta_y,angle,interval
0,145,258,113,-8.159475585673292,-3.30296879501185,22.038181258044972,145
1,425,554,129,-4.899624063844897,-1.0927828591177047,12.573123926244847,167
2,783,977,194,-7.5154364894049905,-2.9163635070168397,21.208732276860765,229
3,2780,4425,1645,-8.9577882455049,-16.442403457608393,61.41854073453358,1803
4,4473,6080,1607,-6.620410059648165,-3.5735773667628052,28.359369394783876,48
5,6141,7226,1085,-6.30050911955685,-3.4529923575973243,28.724932760676698,61
6,9673,11917,2244,-7.373240881429325,-9.529762237434511,52.270639544355916,2447
7,11976,14585,2609,-8.508635067467665,-5.7699299521961365,34.142231334996794,59
8,14650,19182,4532,-8.215386120629276,-6.765778579794514,39.47315169474502,65
9,28635,31854,3219,-7.513147004987289,-2.6580805603991564,19.483299175287254,9453
10,32645,37936,5291,-4.8295073795889465,-16.064363078837104,73.26739076666327,791
11,39797,41702,1905,-4.421762991822646,-9.280400888290018,64.52395147331137,1861
12,42071,48507,6436,-7.926902586894613,-12.711238325500915,58.05176924161366,369
13,52410,53376,966,1.8354618813046955,-6.641444484918992,-74.5510715176687,3903
14,53424,53721,297,0.8531075812032469,-3.622221750415136,-76.74718883474499,48
15,54441,55203,762,-2.5729373306695607,-4.647760885905882,61.03168169191148,720
16,55234,55450,216,4.796274430908255,-4.179252579918071,-41.067393645627156,31
17,55483,55600,117,-4.672133000869053,-1.3249040310653584,15.832055094385286,33
18,55631,61203,5572,-8.989053683609214,-10.23865003186502,48.718387472843624,31
19,61325,62806,1481,-0.11380562004869432,-10.776039241836102,89.39492246080835,122
20,62864,71378,8514,-4.28763917031857,-15.00190809421396,74.0497324598058,58
21,71604,74298,2694,-5.461358034023604,-11.927127434338175,65.39724890454565,226
22,80255,81520,1265,-5.558278662882103,-5.061663464620935,42.32265568565923,5957
23,81612,83286,1674,-4.434836198308318,-9.177983751352116,64.20999222066814,92
24,83701,86399,2698,-6.02234345285153,-7.696498512138476,51.95758932259216,415
25,86864,88368,1504,-6.29651018274356,-5.5913316008570035,41.605231930970575,465
26,88461,89651,1190,-3.240524355155955,-7.675946957931885,67.11217894668506,93
27,89755,91442,1687,-1.7004868219608937,-8.201447262277696,78.28627661232066,104
28,91619,95995,4376,-2.430504555366653,-12.935365403973478,79.35842287619589,177
29,96162,97727,1565,-0.297189684286451,-6.0448994380660395,87.18539314032355,167
30,97860,100285,2425,-2.7651373447476146,-7.532666031687725,69.8425133820476,133
31,100413,102139,1726,-2.55904655026805,-8.460594209822801,73.17119109082934,128
32,102228,104708,2480,-2.8395454035601944,-9.42585889457007,73.2350420654089,89
33,104841,106529,1688,-3.887024708455243,-6.810381004913353,60.28443785223719,133
34,106661,107979,1318,-3.7759839716379417,-6.041341173847641,57.99362288140469,132
35,108106,109728,1622,-6.694989494034701,-5.587060068749622,39.845458788982654,127
36,109865,110738,873,-3.1739627601037768,-5.120707976646116,58.208169247604836,137
37,110862,114147,3285,-4.208915689785783,-9.132920542720015,65.25733889243253,124
38,114277,119013,4736,-4.730009263664414,-9.305666404919322,63.05606759843176,130
39,119163,120998,1835,-1.7794791037462119,-5.460682265454977,71.95070237225731,150
40,121083,124496,3413,-4.79507121572334,-10.417463484638205,65.28378045102693,85
41,124709,127138,2429,-0.34709749662860645,-7.362714292821991,87.30092628312524,213
42,127272,128826,1554,-0.6030250312722529,-6.449874163074526,84.65871085970294,134
43,128962,129930,968,-0.5347570383856635,-6.0389486453345995,84.93958081335755,136
44,130029,133306,3277,0.98418247384339,-9.291672478765548,-83.95372275864153,99
45,133392,134755,1363,-4.8440963012094045,-4.750306067348248,44.43992203068478,86
46,134860,136438,1578,-2.9225035603722205,-5.679464565005631,62.770837230529736,105
47,136613,138391,1778,-2.928887521445276,-5.260977582270172,60.89447124653853,175
48,138509,140660,2151,-4.017510472271411,-8.572830595699642,64.89066600049725,118
49,141101,143178,2077,-0.3522238731923437,-7.081425673739915,87.15250508129465,441
50,143280,144302,1022,1.7356440016841361,-6.915745795432599,-75.91146642224034,102
51,144380,144946,566,-0.587029486902253,-4.455155210973061,82.4937150617316,78
52,148349,148965,616,-8.459983481054891,-5.0343057050669415,30.75572423064885,3403
53,149236,151073,1837,-1.6634114913877909,-3.8986511231991017,66.8938346192343,271
54,151207,152926,1719,4.341583388852428,-9.57355138182568,-65.60581804141718,134
55,153071,153252,181,2.0478328389717717,-4.172841999658971,-63.86038674874082,145
56,153288,155471,2183,-3.214981345810841,-6.493378823878032,63.65921229101296,36
57,155554,157301,1747,3.7505719290381734,-8.456224302212604,-66.08137498535474,83
58,157376,158043,667,1.5103220585319832,-9.624189978596988,-81.08132425461346,75
59,158106,162278,4172,0.49715448194517364,-14.356071581387582,-88.01662490047448,63
60,162401,166019,3618,0.23602073531900203,-10.07189077083494,-88.65759887365343,123
61,166168,170082,3914,2.580745818537224,-9.53316795781194,-74.85239297373707,149
62,170212,173243,3031,0.6601914209019668,-9.797102363401052,-86.14487213915064,130
63,173408,177199,3791,-1.3062696842431052,-9.062158594101874,81.7975677774554,165
64,177371,179297,1926,-1.0871787711634795,-8.21773350384008,82.46372352281278,172
65,179364,182254,2890,2.24776564970135,-8.37602947091861,-74.97820490600299,67
66,182352,183813,1461,3.2525244808565787,-5.783239380372407,-60.64636836745906,98
67,183916,186658,2742,1.369951105764315,-9.43234219649608,-81.73615893721237,103
68,186783,188776,1993,1.308575991105144,-5.841613730659148,-77.37365397039382,125
69,188928,192873,3945,3.1631916327360585,-11.967598748393627,-75.19455988513961,152
70,193013,194247,1234,3.6461362153903707,-3.7613818749327947,-45.89133190607359,140
71,198034,200145,2111,1.6215949259711664,-6.00855329530728,-74.8967750669242,3787
72,200256,204034,3778,0.4503318342387814,-7.451555301882209,-86.54155832135098,111
73,204190,206242,2052,-1.2061427571792507,-7.884632590928348,81.3026667717101,156
74,206380,208515,2135,2.0018710919044764,-8.376340670434573,-76.5589352317739,138
75,208644,211774,3130,0.48520116487928533,-10.696791716012157,-87.4028720767104,129
76,211892,213357,1465,-1.0143990238451863,-5.344084424273618,79.25214321576578,118
77,213466,217816,4350,-0.2881529407688106,-10.323383782769184,88.40113842601546,109
78,217928,220259,2331,1.6829252028957598,-5.154879507878263,-71.91957547714611,112
79,220416,222010,1594,0.6482776253425442,-5.836184216035122,-83.66162450249438,157
80,222120,226243,4123,1.547145921109319,-9.986021173082847,-81.19311832708914,110
81,226316,229804,3488,-0.5740261984731347,-7.051998125184397,85.34643572578292,73
82,229941,232083,2142,0.5815540839865463,-4.603171995994558,-82.79953166427526,137
83,232206,233501,1295,-0.5513151260342823,-5.1866916930335805,83.93257465313029,123
84,246158,251925,5767,-2.8669875221261947,-7.89939647804691,70.05226491430021,12657
85,254682,260453,5771,8.407475982881408,-12.195519755012597,-55.41798766758925,2757
86,260897,264122,3225,-5.137477223569917,-4.900226565112732,43.646011958034016,444
87,264445,270294,5849,-9.033746307914981,-5.766512843927188,32.551318423868835,323
0,139,225,86,3.9644523443309936,-2.952610470169475,-36.677684524439584,139
1,297,680,383,-17.36881284459392,-7.8835936586683175,24.412995789513953,72
2,771,1780,1009,-15.186282474445719,-8.649683372364024,29.66463371240834,91
3,1837,2653,816,-6.565497509655472,-3.9963168751526297,31.328228585905336,57
4,2675,3717,1042,1.0970875878196722,-8.517050146529954,-82.66010481822663,22
5,3802,5711,1909,-6.801094045174793,-7.070811003950794,46.11388424253302,85
6,5785,5856,71,3.029303835998377,-5.109170240279312,-59.335661036428974,74
7,5888,7273,1385,-8.058300962946205,-9.509121826549773,49.72110782740897,32
8,7467,10673,3206,-10.833120079274522,-8.942944153497734,39.54031324644229,194
9,10915,12338,1423,-8.68650516339926,-6.595432556069213,37.208436884319916,242
10,12640,15290,2650,-6.135872700314167,-4.973787193004256,39.02849944134607,302
11,15381,20749,5368,-2.0287864007985092,-4.74583470253468,66.85388352120823,91
12,20844,24752,3908,-2.5242247470457215,-5.617557163677475,65.80344135932157,95
13,25032,30019,4987,-5.48321920509656,-4.536149315748105,39.600222671547456,280
14,30233,31976,1743,0.33764676539014715,-5.02203175219725,-86.1536157201034,214
15,32092,33479,1387,1.5735123394046013,-4.79463620516573,-71.83110545833583,116
16,33598,41738,8140,1.995553120695405,-6.993417284103856,-74.07404290665345,119
17,42040,46911,4871,-21.52806346583847,-8.650554429707597,21.891587196243197,302
18,47067,48345,1278,0.815664818106157,-3.94010497503038,-78.30406738304069,156
19,48435,52702,4267,0.726325873845866,-6.939748318210476,-84.02507937577252,90
20,52845,55423,2578,-2.9076163005366453,-2.168928196437662,36.72099445201775,143
21,57725,59421,1696,1.4908246894531203,-4.4748102891434485,-71.57402558514856,2302
22,59512,60732,1220,2.48743791206482,-3.8289428812350224,-56.99059859623732,91
23,60773,63633,2860,3.137514622678978,-8.143612492370607,-68.92966939237435,41
24,64186,66679,2493,-1.619752438756251,-3.983819242140882,67.87418599374934,553
25,66758,72535,5777,3.9617060583185406,-8.2429527176578,-64.33025327815096,79
26,72713,76733,4020,-0.08655070796775988,-5.991182273562941,89.17234276612712,178
27,81730,82977,1247,-0.5512744439020736,-7.5649604043855305,85.83210426811385,4997
28,83112,84620,1508,1.010367433662637,-4.773941281881605,-78.05013375991356,135
29,84718,86714,1996,1.4574608945859069,-3.873139513376273,-69.3787007082401,98
30,86838,89861,3023,2.3587855709251926,-6.547600209251129,-70.18834655174487,124
31,89968,96607,6639,2.468798491732187,-4.607809377065323,-61.818229525024215,107
32,96724,102052,5328,-2.8072780514302025,-6.308809439193396,66.01201358855201,117
33,102236,105150,2914,-0.20822923647951086,-1.5105577549318099,82.15128580702651,184
34,107517,121829,14312,3.0889919854938057,-9.395158414135253,-71.79988404099032,2367
35,121979,127001,5022,3.1803248150298344,-2.479430411462161,-37.94053011254959,150
36,127172,128911,1739,0.8677240695750044,-2.2130207286634658,-68.58988479729804,171
37,137635,139303,1668,2.924803494729588,-2.4211429659284818,-39.6178487279274,8724
38,145989,147841,1852,5.006354892358502,-9.425642336687588,-62.025350008164324,6686
39,152256,154755,2499,7.388877100836325,-11.183727935426603,-56.548016206795396,4415
40,154865,158205,3340,6.518447046969939,-8.245333112052947,-51.6714432979593,110
41,161678,166426,4748,9.166826569956143,-8.218649040230488,-41.87826758392566,3473
42,166603,168768,2165,4.43727002108092,-6.425780975691637,-55.37330150998001,177
43,168834,170789,1955,1.0839852222665343,-5.349876435530774,-78.54586857771469,66
44,170912,175449,4537,4.016980186875259,-6.34323962129973,-57.65516689622647,123
45,175625,180479,4854,3.3302590892645014,-3.632366431110526,-47.48449742375348,176
46,181219,183443,2224,-0.29077684926377856,-4.872161285791918,86.58456546898138,740
47,183560,185888,2328,-1.531182247969582,-7.000091780257151,77.66159877522843,117
48,185982,188517,2535,-1.7001221065292214,-4.581250742205597,69.63989062576404,94
49,188587,190317,1730,-0.1547660204521435,-6.461389008866632,88.62788874834867,70
50,190448,194940,4492,-1.6920838440829726,-8.89623044059168,79.23084405042668,131
51,195085,197404,2319,-0.5896532833148598,-5.6970570744479545,84.09084833483087,145
52,197635,199763,2128,-0.06504064243851815,-5.0904453468874635,89.26797140809379,231
53,199870,201508,1638,-0.2578555642471372,-4.748160540138599,86.89152519559067,107
54,201632,205411,3779,-1.4416362888152179,-6.6466468096821245,77.76228460498186,124
55,205535,208206,2671,-1.4395059788763263,-4.988019285706173,73.90224590752756,124
56,208346,210037,1691,-0.9766619339442144,-3.940473058528781,76.07953986537701,140
57,210166,212056,1890,-0.44474015614262896,-4.19043590246639,83.94175207561578,129
58,212207,214804,2597,-0.38153225635232957,-4.4385401395429795,85.08699176282998,151
59,216878,219650,2772,0.5574543980939666,-4.615973204980477,-83.11394322001877,2074
60,219772,223028,3256,2.0153322085571403,-5.340439130958117,-69.32489757095328,122
61,223232,228105,4873,-0.8940144902290683,-9.312045947365817,84.51605546495345,204
62,228201,231453,3252,1.4006297517229882,-6.4092635825008415,-77.67282854984833,96
63,231586,233621,2035,0.9799640226254667,-5.155780717243701,-79.2381107126505,133
64,237936,241013,3077,-0.539899376634537,-6.829956763735453,85.4802402324838,4315
65,241158,245860,4702,2.105381869702427,-7.631342520594458,-74.5765553876212,145
66,246019,247034,1015,2.0393844817450457,-3.126741063161873,-56.88601580160521,159
67,247213,249303,2090,-1.9923845154596336,-6.662398105962481,73.3507500090826,179
68,249423,251017,1594,-0.09224990301910907,-4.829223219734544,88.90564442726242,120
69,251180,252487,1307,0.8011586088371132,-3.0830706270649983,-75.43343898665374,163
70,252607,255410,2803,2.653675294975443,-3.493443678878421,-52.779119186331144,120
71,255528,258056,2528,0.37598375561520925,-3.7509927589428997,-84.27603066212568,118
72,258183,263059,4876,2.331712733872365,-6.1397792045016075,-69.20465344630459,127
73,263205,265878,2673,0.8346198690171036,-2.9876020311642435,-74.39170274790791,146
74,265985,268933,2948,-0.29496297403709093,-5.857222319162659,87.11708588465328,107
0,153,230,77,2.6361881940452463,-0.2594917178308549,-5.621767776574692,153
1,260,434,174,-0.9704223254729385,-5.580202268885614,80.13466779336503,30
2,488,1392,904,-15.028642260561668,-3.4424553553368185,12.901582225164171,54
3,6176,7669,1493,-11.698078857338146,-2.6695401925337734,12.85495496148435,4784
4,8317,11427,3110,-18.48243891363174,-12.667916268969194,34.4268504090287,648
5,11495,14762,3267,-3.910503275022762,-8.566218990910045,65.4631677391253,68
6,14894,19454,4560,-1.5633856811510327,-6.203926296629703,75.85598903624513,132
7,19698,21711,2013,-2.4408131371042145,-4.865943485756972,63.36113142135241,244
8,21787,26820,5033,1.18475220324882,-7.685574998851763,-81.23668034547971,76
9,26951,30120,3169,-2.068451031485992,-5.396479364345126,69.02835236643766,131
10,30216,33143,2927,0.3144458826037635,-5.680754102458792,-86.83174892063201,96
11,37832,40980,3148,-3.288309797544642,-7.928486760547074,67.47395600134935,4689
12,41109,46592,5483,1.272208193864671,-6.591192052376073,-79.07532001172967,129
13,46709,50508,3799,-1.1181692762237105,-6.80270221041971,80.66568337671589,117
14,50610,53147,2537,-1.7582327977213765,-7.794658575841382,77.28859370186083,102
15,53252,54936,1684,1.067973286023303,-4.363284077035942,-76.24647567579306,105
16,54991,56607,1616,-1.5898687979646269,-2.9181047646186187,61.41715981216274,55
17,56725,60497,3772,0.5873132216993469,-7.766417909914836,-85.67540113014887,118
18,60586,62825,2239,-1.5682148943542416,-5.5758253895468215,74.29122882227138,89
19,62898,64961,2063,3.8170903160284126,-7.303336741658569,-62.406173073236765,73
20,65058,71290,6232,1.175481703246902,-6.836661065513439,-80.24407006780399,97
21,75820,76339,519,-0.41285132749759157,-1.6601506572726379,76.0347956621187,4530
22,76493,76740,247,-0.9129984110744402,-2.533367255837902,70.1813807681194,154
23,77882,79730,1848,-0.29919823449361616,-4.776043500043329,86.41535441561759,1142
24,79818,83838,4020,1.0563953456278625,-8.359678549008166,-82.79782538128923,88
25,83989,87394,3405,-3.372884495939644,-6.540614742736366,62.72060689070478,151
26,90831,94416,3585,-1.92013487260067,-5.849621661846882,71.82760828533624,3437
27,94516,97422,2906,1.1692527946164404,-6.413060863445693,-79.66712046509686,100
28,97757,101208,3451,-2.3237142932617587,-5.250995398494325,66.12925192068565,335
29,101333,108945,7612,-2.1411402403836917,-6.404107669450738,71.51323025991208,125
30,109077,116648,7571,-4.008073883318417,-8.597752607799976,65.0061528652976,132
31,121571,125350,3779,-3.675263976958334,-5.6764038477574275,57.07841892869666,4923
32,125463,130159,4696,2.035114842657265,-4.953393905132273,-67.66456221178514,113
33,130271,133968,3697,0.7981289482018639,-4.065349188341983,-78.89268324432567,112
34,135513,137309,1796,1.4194627733361926,-5.760964065442849,-76.15841549045628,1545
35,137376,140448,3072,1.1329258855970892,-6.335283734644136,-79.86108484773257,67
36,140591,142257,1666,-3.749448860382941,-7.110338364791275,62.19626284300273,143
37,142299,148072,5773,1.4164021063565144,-7.15097245067075,-78.7963652921221,42
38,148156,154635,6479,-0.8195090981083268,-8.858820191695827,84.71474136112495,84
39,154746,159237,4491,4.71456369078625,-5.412226387988127,-48.94103826534945,111
40,159323,163903,4580,2.4302160506801727,-4.68491580522614,-62.582782648399956,86
41,163960,165514,1554,3.0835814495916765,-3.6526871634357434,-49.82909892807793,57
42,165590,170247,4657,2.843243855392018,-7.579952947249396,-69.43890852884041,76
43,170332,173875,3543,1.3477064745393506,-5.870101560935765,-77.06964254386305,85
44,182283,184027,1744,0.40537449925520264,-3.5081877112615416,-83.40864923485464,8408
45,184097,185182,1085,1.25621873387162,-2.8966985203592372,-66.5549444885559,70
46,185258,187321,2063,-0.4815514863855981,-3.3420192196737304,81.80068592255857,76
47,196001,199627,3626,-2.832440387465681,-4.409555678279972,57.28568555917712,8680
48,199733,203224,3491,1.9743907826465659,-6.495345995539182,-73.09229794549495,106
49,203331,205935,2604,2.3427826130025835,-5.87994568158166,-68.2758778289254,107
50,206010,210583,4573,1.218596873902385,-7.877325954776083,-81.20623403240788,75
51,210683,212246,1563,4.158966987585643,-4.396080708811837,-46.587616901580716,100
52,213951,218700,4749,3.3585209301676997,-5.32076868468873,-57.73948086847412,1705
53,218833,226678,7845,1.2921193350880458,-5.808825974550203,-77.45926388401396,133
54,226779,229432,2653,3.915027453837297,-0.9659557174597779,-13.859785768217861,101
55,229543,232287,2744,2.91018505084746,-3.9484482912003642,-53.608105355147686,111
56,232363,234309,1946,0.927199624554504,-4.202642025219163,-77.55853682017728,76
57,234386,236166,1780,1.5155855535716114,-5.78706501618619,-75.32429555680842,77
58,236227,243938,7711,0.5799047741499237,-7.66207243706134,-85.67181448500172,61
59,245308,247119,1811,0.3608765808861705,-5.162706780544141,-86.00149144396454,1370
60,250144,255518,5374,-0.5822002234309025,-7.428171752276924,85.51847182957273,3025
61,255595,257628,2033,3.170511503023974,-4.45165546350546,-54.54116764868286,77
62,257700,261455,3755,5.6377425838132496,-5.596662233741526,-44.790489996785965,72
63,261535,263671,2136,3.5897494466715045,-2.6275643153829265,-36.202752990613895,80
64,263759,267201,3442,-0.20777334636440514,-4.847578346593721,87.54573250348233,88
65,267302,270353,3051,2.9014676794979692,-4.927523461590042,-59.50919840341864,101
0,202,365,163,-3.974640963595732,-3.3466114574895443,40.097072973080344,202
1,1678,1978,300,-11.53136143207162,2.612266917041495,-12.764114116582032,1313
2,2805,3916,1111,-11.15717408775744,-7.131151697271093,32.584839905830606,827
3,5754,7591,1837,-4.701285092113537,-7.641751265949381,58.39973703889187,1838
4,9420,10731,1311,-4.515946237852276,-6.14910242552034,53.706164828963175,1829
5,11085,15361,4276,-8.679496787402172,-5.596839456074804,32.81532130404344,354
6,40878,43344,2466,1.4662393808268348,-2.1465188697477657,-55.66388450123434,25517
7,68833,70180,1347,1.1052587511263425,0.13940004761941793,7.18843728049256,25489
8,96271,99528,3257,0.8519793202249133,-2.795418472374962,-73.04998317108974,26091
9,124921,127228,2307,5.038557392323511,-1.9961955121563193,-21.6126754220425,25393
10,135189,135981,792,0.09576855210229951,-2.570268398909036,-87.8661385457646,7961
11,136068,141354,5286,4.764682929124177,-6.041510361516998,-51.7386539745266,87
12,154897,156126,1229,3.6081095361353874,-3.2595215683924437,-42.09426829816347,13543
13,156177,157473,1296,4.86112353599313,-7.23627082696575,-56.10790285465908,51
14,193701,196257,2556,-4.496990344397204,-6.935292367150282,57.039771074874025,36228
15,196399,197778,1379,3.176128333204389,-3.0413491321485964,-43.758166769212316,142
16,197875,201903,4028,3.917214348300135,-5.700012664072503,-55.502019628864446,97
17,202048,203876,1828,1.5301921411599437,-1.6863727016549603,-47.779817917982186,145
18,203985,208304,4319,3.3235043156837065,-5.991750924106228,-60.983744904326265,109
19,211378,212429,1051,-0.8299658085784927,-6.111979520538242,82.26691829383526,3074
20,212521,214523,2002,1.334374105591877,-4.798385803280837,-74.45938255193552,92
21,215523,225415,9892,6.077330225272007,-10.868152773970067,-60.78664494884246,1000
22,235150,240007,4857,5.483196680745067,-4.117768503884051,-36.90579969113371,9735
23,240103,243711,3608,2.395736011165681,-5.902112814866143,-67.90719626155062,96
24,258318,262381,4063,2.274743244849745,-3.7089246432548038,-58.47853971857048,14607
25,267845,270129,2284,2.3822190553345877,-2.193520795575907,-42.63852588090742,5464

