,start,end,length,delta_x,delta_y,angle,interval
0,76,271,195,-3.766458806293059,-5.899814872413842,57.445721881868494,76
1,321,637,316,-6.167897692518352,0.947095284076795,-8.729717932367137,50
2,3381,3509,128,-8.269753461380787,-1.6348776319022704,11.182813883877623,2744
3,3543,3682,139,-6.319912597393653,-0.7873085513111135,7.101087576402141,34
4,3724,3833,109,-7.245182950668266,-2.79528374182604,21.097248810086008,42
5,3875,6201,2326,-15.916148654944976,-9.704698473928687,31.372296034717596,42
6,6389,6631,242,-3.629183304986725,-3.1049204717390637,40.548393317568774,188
7,6812,8785,1973,-10.864046145964807,-9.94754823244456,42.47844614205417,181
8,8842,9906,1064,-7.113677668862579,-3.9687691396918865,29.1574449578944,57
9,9971,10872,901,-7.0270617481022555,-4.782462254269561,34.23833400211589,65
10,13362,14633,1271,-6.968971048587832,-6.021633047203878,40.829096442895,2490
11,14680,15479,799,-5.152143351396887,-3.8843484131466255,37.013686548524575,47
12,15530,16854,1324,-7.368672065715259,-4.602695299395762,31.990145456943715,51
13,16924,17645,721,-5.044263843196546,-3.9183427122740966,37.83976718580647,70
14,17834,18637,803,-4.737324843995509,-3.407596727236765,35.7277750564977,189
15,20232,22823,2591,6.3868235290019015,-8.882933008227681,-54.28388750585831,1595
16,22890,23278,388,-2.8648614655002973,-1.8463775419269552,32.80141750674161,67
17,23351,24885,1534,-4.648037673137111,-2.1437079721059433,24.75948699892523,73
18,28029,28748,719,-2.647110239047379,1.2393911110575289,-25.08924383661365,3144
19,31729,33018,1289,-2.6105028200894083,-1.7221900938009043,33.41346918571016,2981
20,49721,50788,1067,-2.805373941239253,-1.7983208065801222,32.66097319389407,16703
21,66119,69066,2947,-1.4584048288063798,-6.55363537848352,77.45418605022759,15331
22,78858,79885,1027,-1.831828117027129,-2.0727593022462685,48.53093903688081,9792
23,79961,80294,333,-0.7593315165501906,0.9442716872999171,-51.195666757758346,76
24,83307,85345,2038,-5.0701614076171495,2.7572542673182596,-28.53822405865019,3013
25,85897,90415,4518,-4.1443816291521784,-7.703152215883819,61.7192539494252,552
26,90490,93417,2927,-1.1571913786877417,-3.1723786591150684,69.95950262569725,75
27,93511,94532,1021,1.0835656885094522,-5.894450427528071,-79.58371775765745,94
28,94637,97813,3176,0.20864439455070283,-5.480133394962124,-87.81963846073724,105
29,102370,107468,5098,-0.4490697108485051,-10.698530963430386,87.59642663647752,4557
30,113291,116237,2946,5.609288872855757,-6.165081518517638,-47.70256086596213,5823
31,116301,118010,1709,3.543969515324875,-1.895393210964187,-28.13885585454966,64
32,123098,125894,2796,1.2289786808571534,-5.859535054321952,-78.1544912088247,5088
33,134475,136381,1906,2.65891633250169,-5.484770617335798,-64.13674223754043,8581
34,136442,138215,1773,6.146240809808575,-6.970511336965799,-48.595798868707476,61
35,138380,143621,5241,3.551044384007099,-11.600510674311082,-72.98007208156001,165
36,143699,144893,1194,0.15216060357082029,-3.614304927767165,-87.58929713191122,78
37,144948,148385,3437,-1.8679243582697325,-4.646892058617198,68.10121295895236,55
38,153399,155416,2017,2.2234423927329203,-2.8196623634851647,-51.742483939088224,5014
39,160646,162183,1537,1.4060988879470244,-1.4632999026562175,-46.14203111117495,5230
40,162239,162822,583,3.7801158729417352,-4.034408707263609,-46.8638071317822,56
41,162835,167850,5015,-0.6589463471051431,-6.946637679883949,84.58123293666118,13
42,167953,170978,3025,1.3016397727302547,-3.3187184686880045,-68.5843139978272,103
43,171053,174167,3114,2.5288780398180677,-4.370823827597192,-59.94711766829184,75
44,184299,187404,3105,2.2809525070752557,-8.139631258491562,-74.3456410682683,10132
45,194385,195643,1258,-3.2752864754152142,-3.373017103286273,45.84219217003977,6981
46,195714,198546,2832,1.8280337101324164,-9.391738165476724,-78.98551161590066,71
47,198621,202510,3889,3.245120439012709,-8.938369309425156,-70.04631411296926,75
48,213377,218907,5530,3.8043128963488755,-12.313426076708794,-72.83112668700862,10867
49,218962,224565,5603,2.5211993799454433,-5.152121991102604,-63.92510924217395,55
50,224786,226307,1521,-4.505388184408417,2.693767124777281,-30.875161253962272,221
51,226562,232207,5645,0.6439303213797132,-7.676393122122761,-85.20499858308862,255
52,232286,234802,2516,3.9120045919844415,-4.800790815475835,-50.82455528929325,79
53,234873,239713,4840,0.16805088645543265,-5.861354727980967,-88.35772275137505,71
54,239794,242329,2535,0.5958245800013913,-2.428711807298825,-76.21611490184591,81
55,242427,245341,2914,0.46734632628951545,-3.8507260655516973,-83.0800971967757,98
56,248087,249389,1302,-0.9079557572491694,-0.3321513732120991,20.093697198382753,2746
0,117,368,251,-2.6759430175071515,-5.396445687410363,63.62450276871301,117
1,408,828,420,-6.849899501151668,-1.2515073519229105,10.353995145182886,40
2,868,1656,788,-5.573326827521399,-2.9237916896444176,27.68170050636259,40
3,3606,3757,151,-4.5689110995272415,-0.15574669635101657,1.9523632918163505,1950
4,5312,6463,1151,-7.722743920502566,0.4432647693617042,-3.2850196511877163,1555
5,6509,7313,804,-7.578462013677722,0.4208233625607818,-3.178305329376786,46
6,7346,7784,438,-6.863842172290518,0.38300786508072804,-3.1938380058046265,33
7,9038,10092,1054,-5.683960783527041,-1.2913247981708906,12.799622251940496,1254
8,10156,11629,1473,-8.699930361683343,-3.3266259304698025,20.92554728901734,64
9,11726,12870,1144,-6.296123095779976,-1.6040045435658215,14.292675776650098,97
10,12923,14064,1141,-7.252343897698836,-0.758802242235916,5.973041827683406,53
11,14118,14326,208,-3.2709803839797758,0.252775137726303,-4.418926274286912,54
12,14371,15845,1474,-8.066564872057228,-2.9225842222981697,19.91587726993063,45
13,15936,17097,1161,-5.40998395831997,-2.747196341871259,26.921514858802244,91
14,17146,18895,1749,-4.798121426520268,-4.916086440189105,45.69574022914524,49
15,20355,20981,626,-6.7384687762152,0.3680399775349201,-3.126260166980276,1460
16,21040,22582,1542,-2.6605017881477124,-2.658664452261604,44.98020900590859,59
17,25912,27489,1577,-3.006573902649137,-0.9449698363164458,17.4479968056047,3330
18,30629,31202,573,-4.920654323735093,0.669261792160114,-7.745314227739024,3140
19,35071,38067,2996,-5.418055851722315,-2.3091901896522273,23.083835213767617,3869
20,38136,39766,1630,-2.974154112756082,-0.5784968457916335,11.007051052968002,69
21,40633,42717,2084,-3.114561243075272,-1.579671129557994,26.893621148546895,867
22,45472,52173,6701,-5.682688745833005,-7.105221036387235,51.347509415504376,2755
23,53365,56899,3534,-2.551975614322089,-1.7019877653922748,33.70049103357943,1192
24,101574,102285,711,-2.55596268562887,-0.406051380238992,9.026822559949126,44675
25,102325,103052,727,-4.493314950452358,-0.6492033251205243,8.221319463815782,40
26,103210,104547,1337,-2.649561098389327,0.39006706224516563,-8.374897165073763,158
27,105110,106690,1580,-1.488118435048122,-0.36294155758884017,13.706446486436226,563
28,110779,112697,1918,-0.5961175342255984,-1.9659371798367147,73.13148522517857,4089
29,113127,115631,2504,-0.33017229351385424,0.30675410264193204,-42.89432597192632,430
30,119028,120170,1142,-1.4954865161084143,2.213060816225024,-55.95094941357539,3397
31,130988,134302,3314,-5.6075628772497765,-0.6848293355876223,6.962825819592018,10818
32,134379,140293,5914,-1.1628681927523132,-4.506854196987504,75.5319819604687,77
33,150931,152853,1922,2.8152165359619943,-0.9854940834593151,-19.293097553886962,10638
34,162622,164512,1890,-0.5211518205256738,-1.2774341462829994,67.80612896338991,9769
35,171910,173917,2007,-2.34016618471054,-0.47003068258189273,11.356948528833126,7398
36,173972,174604,632,-2.236304207091848,1.2112171682689592,-28.44066488201251,55
37,212022,212261,239,-2.1389549121534515,-0.8748047473508933,22.24392331550609,37418
38,212294,212790,496,-1.0826352301175035,0.9392067123710035,-40.94226194578194,33
39,218201,221808,3607,-1.200115462030226,-1.729547633081026,55.24361370086886,5411
40,227708,227883,175,-0.5287472458741149,1.3205723409201227,-68.17920698546428,5900
41,227913,228128,215,0.6372684115154925,0.17231794541304168,15.130981559377632,30
42,228151,234118,5967,-0.9516081898290167,-2.9530949557926647,72.13893268450904,23
43,236923,239681,2758,-1.703424155479837,-6.3087373256031185,74.88987400512171,2805
44,239731,242603,2872,-1.6709183512786865,-3.8455542408613326,66.51473997835451,50
45,242663,245098,2435,-0.9259852777376238,-3.761723643430045,76.17102540466551,60
46,245142,250452,5310,-5.384339230511856,-8.107480422676261,56.4110713839377,44
47,251700,255207,3507,-4.1744354930919485,-1.7851617666864286,23.153561082785696,1248
48,255258,258818,3560,3.089192318930486,-3.54028173155271,-48.892577720269486,51
0,120,203,83,-2.636944084026524,-2.0071735976196976,37.277452000596945,120
1,224,297,73,1.1496235680661755,-5.6038272272959375,-78.40664184038782,21
2,310,2161,1851,-15.708689900077033,-6.082212790415724,21.16579449016908,13
3,2804,2873,69,-1.534766077234579,0.1529532071841686,-5.691246393689359,643
4,3252,3465,213,-7.41794300793795,0.5174492870430356,-3.9902857196028574,379
5,3496,3537,41,-3.0093592599229737,0.2268577967966081,-4.31103610481318,31
6,3663,3740,77,-6.086831630034439,-0.5062842980538846,4.754745208044588,126
7,3766,3909,143,-10.751236856741158,-0.5226475091387783,2.783116133267267,26
8,4042,4136,94,-4.053532934340737,-0.36211742923740076,5.104897560746418,133
9,4159,4334,175,-9.656128046696296,-4.380880492125939,24.403280000667486,23
10,4425,4505,80,-4.361693738898666,-1.166496275666745,14.972836382073199,91
11,4533,4579,46,-3.8991471025238837,-0.23784378485099467,3.490655867161086,28
12,4604,4726,122,-6.895687455553045,2.2120809518027187,-17.785822155173665,25
13,4839,4920,81,-2.0940073089286955,-1.6060379569724006,37.48707516491308,113
14,4943,4995,52,-5.647039650070354,-2.1517118749631123,20.858521932724617,23
15,5018,5078,60,-5.697952751732714,-3.097807890648184,28.531613673658978,23
16,5156,5239,83,-12.664346658674958,-3.275307910605335,14.500361168994091,78
17,5566,5690,124,-9.545942274778724,-1.1479945619886962,6.857455695286525,327
18,6041,6190,149,-13.718009048685374,-1.0470710846627185,4.364820982118314,351
19,6258,6343,85,-5.211015052378983,-1.7187827927142223,18.254439924376594,68
20,6382,6487,105,-6.440591516456649,-6.177463987967158,43.805369646755985,39
21,6511,6611,100,-3.7480730292003983,-1.7523444590222255,25.05759819687232,24
22,6630,6752,122,-2.46706019973702,-0.26444085567391085,6.118097591506467,19
23,7072,7162,90,-1.8121946433104625,-3.2506368341863663,60.86080920468729,320
24,7746,7842,96,-1.509708858018044,-0.5390398786131811,19.64904925937369,584
25,7929,8036,107,-5.606196688569241,-0.7227250609370941,7.345793159914203,87
26,8175,8312,137,-3.993864549505119,-2.437710584908146,31.398382588263278,139
27,8499,8541,42,-2.2149531401335025,0.2634475505573306,-6.782920668346939,187
28,9350,9667,317,-4.149948822006138,-0.3385532307431163,4.663867097180021,809
29,9711,9824,113,-0.9800068537690123,1.7589175536902388,-60.87498941114894,44
30,9864,9942,78,-2.970207678188146,0.359750036205142,-6.905996476075576,40
31,9964,10047,83,-3.2939934963372224,0.3847363918924316,-6.661926630887086,22
32,10087,10181,94,-2.852662679338138,0.5246179363506371,-10.42052427925119,40
33,10497,11509,1012,-9.438149691652598,-1.1239425807672916,6.791089547211575,316
34,11556,12565,1009,-5.989472462200524,-2.883141134742999,25.704681049207224,47
35,12620,12730,110,-3.5236115174978835,1.910949271525908,-28.472167374406006,55
36,12752,12913,161,-1.3060456709507093,-0.42293922745258783,17.943606533411632,22
37,12948,13330,382,-3.619848684071883,-4.5404443202601215,51.436554499022066,35
38,13396,13551,155,-5.513489805990247,-0.6368476055219787,6.5888741750098685,66
39,13574,13712,138,-0.3448006223879929,-1.8166341599002322,79.25298791397711,23
40,13928,13995,67,-0.5545380782084948,-0.8432319555274148,56.669716710767105,216
41,14026,14109,83,-3.5943257150661907,-0.20689489064173472,3.294397515783795,31
42,14962,15096,134,-3.3247913594265555,-1.6104243489662764,25.84408793337538,853
43,16733,16886,153,5.334956529158134,2.1068051269485863,21.549349573192227,1637
44,16948,17033,85,-1.164002055411018,-0.545002860968367,25.089683887889983,62
45,17063,18315,1252,-3.3260798484868417,-2.9034820451092997,41.11914433805958,30
46,18375,18818,443,-3.8541360261910995,-0.6923804980408335,10.184331776013428,60
47,19015,19199,184,-2.4905557713831143,-2.136507559326901,40.62443475428103,197
48,19420,21384,1964,-6.380833150236782,-6.751213648638711,46.615560417221225,221
49,21462,21527,65,-0.3130626790773192,-1.321768024413572,76.67496152011904,78
50,21701,21805,104,-1.7729565653854422,-3.1867511556772428,60.91052097459709,174
51,23100,23150,50,3.456039313590125,-3.1946484598199163,-42.7492721258589,1295
52,23185,25414,2229,-9.257775842492393,-7.680938546454698,39.68162150659752,35
53,25569,26489,920,-4.171725621993275,-0.35910694839071766,4.919958399735115,155
54,26553,27955,1402,-0.31031978561571805,-3.8139753645888703,85.34844030241342,64
55,28058,28890,832,-3.661486185032274,-0.08146809255464404,1.2746211729807557,103
56,28945,32385,3440,-5.594922205049755,-2.9439207401361216,27.752324050463972,55
57,32473,33609,1136,-3.049004099807618,-1.1137196326514385,20.065896362796913,88
58,33684,37121,3437,0.5129229034057516,-3.4023738210454155,-81.4269649694121,75
59,37337,37415,78,2.231149718463442,-0.8468766041630147,-20.78523938838032,216
60,38161,39661,1500,-3.5433159178360825,-0.4044456732369923,6.511745513539238,746
61,39726,39839,113,6.934200991209636,-6.006584748938124,-40.89995953488604,65
62,44127,46321,2194,1.6922980934743066,-6.524427216208736,-75.4591273713935,4288
63,46384,48660,2276,3.597165868679866,-3.7563638468742937,-46.24021360985454,63
64,48737,51553,2816,1.317172630038229,-8.207193437051032,-80.88234996290811,77
65,51630,51786,156,1.9735760997630223,1.6148777008652075,39.29173044098108,77
66,52544,53208,664,-3.755056770890562,-2.1275620345772808,29.535277194656913,758
67,53264,56993,3729,-0.8790478638162966,-4.7916150978586245,79.60437354841174,56
68,57115,58337,1222,0.22701151374802464,-1.4528129112814838,-81.1189752596039,122
69,58386,60993,2607,2.479170028472282,-5.745865948572231,-66.6612408615809,49
70,61049,62843,1794,0.41106608811064405,-2.3699791927155616,-80.1601062904262,56
71,62884,63280,396,-1.9233824024344983,2.5038605130357183,-52.46972821523292,41
72,63325,66048,2723,3.863128180348781,-7.8838672884113095,-63.89495137332812,45
73,66123,68954,2831,-0.12193049780519516,-5.524696992838557,88.73568288443211,75
74,73637,73860,223,-6.5111250792094495,0.4571589423951963,-4.016258735453752,4683
75,79048,81295,2247,1.7395766516893616,-3.373515340021058,-62.72179023714371,5188
76,81909,91493,9584,-4.547137961954391,-5.5663770411374855,50.75483253770355,614
77,91585,91991,406,-1.9890095820522333,-0.22519365657082346,6.459463724417649,92
78,92054,94004,1950,-0.6783637931293072,-1.0506248166300054,57.150618049828125,63
79,95356,98764,3408,-2.26768668365645,1.1396456669767048,-26.682213173183246,1352
80,98851,101741,2890,2.766011706792895,-6.591973428153082,-67.23693351445108,87
81,101793,102207,414,1.6454905504366337,-4.13886794591113,-68.31870595766223,52
82,102230,103558,1328,-0.7200036471862603,-3.2278071069382435,77.4253060791614,23
83,103637,106186,2549,1.2598439111946362,-3.1497842384706303,-68.19968483335451,79
84,106253,106400,147,2.774379672400258,-2.061704990013041,-36.61688461936975,67
85,112059,115891,3832,-0.6766436919811554,-3.325606128357208,78.4993137917021,5659
86,115974,120666,4692,0.8155458005573308,-6.507358033404046,-82.8565530370647,83
87,121727,127072,5345,-2.6604633067063475,-1.8634389378894554,35.00812745909107,1061
88,127197,127792,595,-2.3762655317753456,-2.1474902022496423,42.104904827062974,125
89,127897,130704,2807,0.7838005471284788,-3.7876841282621996,-78.30857445201147,105
90,131707,133493,1786,-1.0998922929202877,-3.023349649363581,70.00865186168494,1003
91,133560,137032,3472,2.27890018704295,-7.270639788863733,-72.59698775435075,67
92,137114,138709,1595,-2.859395009802242,-2.7111431143696194,43.47551472692826,82
93,138792,140707,1915,-0.9111425464465555,-2.278231677038903,68.20184533997379,83
94,140814,141821,1007,-5.871292057400012,-6.3689176886890095,47.328077394392686,107
95,141858,144633,2775,-0.998411384820443,0.8527413990320838,-40.5005813161886,37
96,144861,148412,3551,3.8337500228501966,-5.591763525996882,-55.5652072501641,228
97,148478,150996,2518,0.014412561478721386,-0.7811188666614726,-88.94294544906435,66
98,151048,151633,585,-1.9353552876547724,0.06896909919086625,-2.0409517573418454,52
99,151729,153616,1887,1.001411133373395,-4.171609921952481,-76.50134797553429,96
100,153698,155412,1714,-1.563544624780775,-2.477838143463387,57.74759881564583,82
101,155466,156495,1029,-3.0333435690670427,-8.228265249622638,69.76363076242217,54
102,159011,159636,625,1.0241439875401426,-2.593512538522134,-68.45158849807979,2516
103,159712,162114,2402,0.15480963674642112,-1.159872802935638,-82.39759450794145,76
104,162172,162391,219,-1.2702368812458928,-1.6327399253179635,52.117844260600215,58
105,162458,165129,2671,-0.9618351119935795,-1.8120695687500756,62.04091902536823,67
106,165169,166863,1694,0.040225496036100594,-2.7107357449540785,-89.14983155209642,40
107,166950,168183,1233,-0.6621629030828018,-0.5430899460230734,39.35777273628212,87
108,168241,168485,244,-0.6718508714037483,0.15780536773718268,-13.218119007630964,58
109,168527,171312,2785,-0.14610395565537715,-1.2116772325051102,83.12447299126376,42
110,171371,172449,1078,-0.7301439756928829,-3.1891433196881707,77.10456386920887,59
111,172514,172690,176,-3.3675724269401712,-3.7697268241487905,48.22494697360997,65
112,174044,176054,2010,3.1449440633717387,-4.1766178418215105,-53.020683245277425,1354
113,176125,176327,202,-1.6771901840009065,-2.205081392438359,52.74329446315973,71
114,176350,178136,1786,0.5245198703706393,-2.98875180526872,-80.04607315180566,23
115,180474,182443,1969,1.9382759747867624,-0.3947309125561702,-11.510905426511753,2338
116,186056,186172,116,-2.465162086053283,1.8947338713433908,-37.54603016513881,3613
117,188054,191418,3364,4.03751114060654,-9.910351244566428,-67.83384937302252,1882
118,191482,191686,204,-4.373650304405402,-4.750468184716752,47.36492018045846,64
119,192935,195640,2705,1.7570159128937206,-7.78148642991394,-77.27630235047558,1249
120,195689,198422,2733,-1.9633217692738754,-4.234321361834489,65.12432686784186,49
121,198507,198698,191,0.3711618090270008,-4.9532577071720425,-85.71467152023632,85
122,198776,201938,3162,-0.6687182568671233,-3.325174938059263,78.62905547903092,78
123,202916,205319,2403,2.1428795770120814,-3.1019529799364562,-55.36265261546572,978
124,205403,206024,621,-3.3772638734801035,-4.405779755050233,52.527920869373155,84
125,206131,208577,2446,-0.48867938102209507,-1.43176851388327,71.15462523195524,107
126,209111,209326,215,-0.8282985681066606,-5.562213426395431,81.53002633482514,534
127,209387,209533,146,-1.8808384663313404,-4.910408445880506,69.04161315556085,61
128,209599,209742,143,-2.65350155465228,-2.5938007854673515,44.34814990567692,66
129,209790,209931,141,-3.6001145133231347,-4.990508457474377,54.193608890408214,48
130,210375,213493,3118,0.1596062240940057,-0.4562541717659059,-70.7192103197781,444
131,214795,217489,2694,2.9462428822198916,4.352438930490422,55.9052339267587,1302
132,226285,226496,211,-4.546256514828755,-3.5173799439380815,37.72865742207057,8796
133,229177,229409,232,-1.0483901033857421,0.5693834087708041,-28.506500787412904,2681
134,238015,238200,185,-1.972040434051479,-3.05793104818207,57.18228573520709,8606
135,238369,238479,110,-2.8688685853959157,-1.3663640051340025,25.467188756623777,169
136,238780,238967,187,-5.292767148852022,-3.2765364719929266,31.75996194136316,301
137,253162,253338,176,-2.0309409591109215,0.06701435179894588,-1.8898860189898312,14195
138,253797,254567,770,-3.947531340723444,2.9537768087090512,-36.80601191562848,459
139,255066,255169,103,-0.4921364199076237,-3.107127503543211,80.99971632968716,499
140,255203,255383,180,0.24830575295904111,1.8621574215472236,82.40480954821211,34
141,255562,255665,103,-2.5772992262220242,-1.794606104907686,34.84998352435653,179
142,259483,259629,146,-2.661451838949901,-3.1761715766459986,50.03889938477509,3818
143,260210,262513,2303,0.7576104875094529,-2.751029367916175,-74.60288921943246,581
144,262552,262708,156,3.511959045277365,0.8962887702861337,14.316874847113075,39
145,262733,264007,1274,-2.725898863454759,-1.6424459558878652,31.07038053359346,25
146,264083,268087,4004,0.30723127982508913,-3.784650470305735,-85.35900594320405,76
147,268132,268298,166,-1.9449381633645828,-0.7567061898332952,21.259239750581916,45
148,268320,270494,2174,-3.30870784339875,-0.765726617570067,13.030431087372527,22
