,start,end,length,delta_x,delta_y,angle,interval
0,251,413,162,-3.0991202781516876,-2.558144645726017,39.537703296302666,251
1,436,573,137,-5.251985031575472,-1.4041691117710826,14.968482142345957,23
2,726,800,74,-2.199673815350579,-1.9671325600947256,41.80574887120206,153
3,819,918,99,-7.2525516515192265,-1.4306404408330025,11.158916883879876,19
4,1141,1215,74,-4.277161861492772,-1.6801846631434785,21.44624017056161,223
5,1245,1471,226,-17.30004342811543,-4.203367101242463,13.65644861594427,30
6,1496,1700,204,-16.39925389125608,-6.985473131208721,23.07220356640371,25
7,2018,2259,241,-14.30571225292772,-1.1748574761124928,4.6948833228717595,318
8,2290,2423,133,-8.201750983610552,-2.2992789354863987,15.660309603541522,31
9,2653,2735,82,-3.00610302896699,-0.7251361909402476,13.561881180307626,230
10,2758,2912,154,-8.130717552110724,-0.9917102185282829,6.954063558231973,23
11,2929,2991,62,-2.3865434924019837,-4.2754324508967585,60.8297748238178,17
12,3018,3082,64,-4.903784925231093,-1.4046105325644618,15.983510898527998,27
13,3099,3157,58,-5.58360635521035,-0.4476879463320955,4.584111557058315,17
14,3420,3539,119,-3.0833311132543457,-0.587052327999217,10.779835706314076,263
15,3570,3724,154,-7.8003453700413985,-2.3530861553813907,16.786690825240406,31
16,3928,4082,154,-5.910880534882082,-12.268464021223679,64.27548083289523,204
17,4103,4187,84,-4.6214381029586775,-1.7767707427161241,21.029891650165926,21
18,4628,4863,235,-9.582113768924543,2.3708586488428267,-13.89732493161738,441
19,5492,5609,117,-1.574258108772554,-0.031746353275678985,1.1552651644992955,629
20,5797,6121,324,-2.8454189945002213,-0.9591885289972453,18.628921505542305,188
21,6153,6387,234,-2.6612217090468846,-1.0688536792834782,21.88237900329354,32
22,6903,7004,101,-3.26301828258741,0.14663217541945528,-2.573003176333881,516
23,7285,7346,61,1.5805499775038072,-2.168504281087337,-53.91294854193914,281
24,7662,7827,165,-2.7991530537155143,4.327430902188169,-57.10361742972616,316
25,8657,8993,336,-3.4333045832232187,-3.611980323240843,46.452769044289,830
26,9046,9149,103,-5.123594731918061,1.3814593183011112,-15.089652386073364,53
27,9568,23996,14428,-12.70956515333117,-1.5686372803943414,7.0359654971776875,419
28,24202,30022,5820,-4.238636170576143,-1.0820354567272403,14.3205686678902,206
29,30098,30450,352,-0.8653193804464081,-2.7960499172814934,72.80378962182719,76
30,30484,30847,363,-2.0355560053296387,-1.482513246680739,36.0661786700603,34
31,30871,31145,274,-0.7443517262880022,-2.3686743349892367,72.55476602050373,24
32,48476,66630,18154,-8.179504919138765,-0.33961050051374286,2.3775373745526114,17331
33,66957,79513,12556,-3.5281622211825976,0.3447195352155603,-5.580379041378042,327
34,79790,84269,4479,0.1199616043939642,0.6376372176575984,79.34522533327967,277
35,84489,107407,22918,-7.5581974292256575,-1.0108813929695373,7.617893427120173,220
36,108598,108671,73,-0.42402005685681843,-0.004606961928203646,0.6224919900692139,1191
37,108695,108992,297,-2.9177409271858465,2.398434037462252,-39.420802296667176,24
38,109294,109470,176,-3.230284815386227,-1.0859882342713973,18.582110406939304,302
39,109485,109694,209,-1.0482946271790752,-0.6841943027033466,33.13142675690287,15
40,110150,110389,239,0.033906426451693505,-1.9671945363778605,-89.01255175552768,456
41,110445,110598,153,-3.009594895868119,1.4364559215084398,-25.514775294426627,56
42,110619,110924,305,-5.587300108069613,-1.005835354368557,10.205178915249103,21
43,111326,112866,1540,-2.1425610922836,-1.697165870902154,38.38345507629351,402
44,125029,132189,7160,-4.456555190359239,0.0953152274389879,-1.2252350860041548,12163
45,144896,152339,7443,1.3109899036287516,-1.2906988854183226,-44.55314942397348,12707
46,152470,152822,352,1.075684758916296,-2.8123531405479554,-69.06886400845205,131
47,152975,153149,174,0.28667050289990925,0.38628739408487434,53.42025606188521,153
48,153184,156642,3458,-2.3561964630757046,-2.329727366535863,44.67636021306864,35
49,188157,188951,794,-0.5325637579947653,1.195205037832281,-65.98303147778068,31515
50,230758,231107,349,1.5081344560324226,-3.398581680605062,-66.07055036086257,41807
51,231255,235464,4209,-1.5320427233491216,0.2101635792188432,-7.8110063505452265,148
52,238568,238801,233,3.1466090486673863,-4.180125936317069,-53.02922639822498,3104
53,238945,239007,62,2.346891814265746,-2.0762010376344477,-41.49789861904751,144
54,239059,239252,193,-0.6150911699587311,-1.9429933689777954,72.43383523453655,52
55,239299,239602,303,-6.261695168139497,3.6888939521254116,-30.50321726051,47
56,239966,240033,67,-1.572654416294128,-2.1197608818955445,53.42821374778488,364
57,240056,240154,98,-5.132832212337334,1.3184397109546353,-14.405784647238567,23
58,240531,240661,130,-4.63576465152164,7.478091501082716,-58.20469618117658,377
59,240940,241045,105,-3.892794178756361,1.0997908822736377,-15.776029056820962,279
60,241254,241456,202,-3.9751934111463214,1.0905631227424095,-15.341203589567385,209
61,241840,242100,260,-5.38827100304988,2.9544597833008908,-28.736537390418942,384
62,242534,242751,217,-3.67750540962264,0.6182949743878225,-9.54381884075561,434
63,242966,243105,139,-3.8178712473109613,-0.6142437966606735,9.139792799584653,215
64,243140,243206,66,-1.1410503578204043,0.6766015295613244,-30.666405342461477,35
65,244947,246515,1568,-5.217087548451914,-1.5813732700788705,16.862800835205462,1741
66,259764,269172,9408,-4.603763268972543,-3.306001203930279,35.682446043567666,13249
0,152,285,133,0.8492886121089356,-0.664995448762923,-38.06104713770281,152
1,311,510,199,-3.5788735015562168,-3.34474814158672,43.06325559817718,26
2,747,865,118,-1.3386135114824782,-3.681119816707451,70.01655685328335,237
3,1145,1271,126,-3.018008564084397,-1.8998644261254185,32.1907960911571,280
4,1294,1658,364,-13.23292233916942,-0.30487567790339654,1.3198142819005492,23
5,1682,1923,241,-8.198658143736381,-2.846074284195879,19.143883932400332,24
6,1956,2174,218,-9.342071190530575,-1.2421766210988352,7.5739560184887535,33
7,2497,2613,116,-3.4639291647416286,-1.3307193566207047,21.01501361744163,323
8,2740,3074,334,-5.414004106275343,-0.8621726202352278,9.048295054342033,127
9,3301,3507,206,-10.159956270253915,-2.3819296204283376,13.194298508496518,227
10,3535,3795,260,-12.997553031348957,-7.365192795629099,29.538491110362113,28
11,3828,3952,124,-11.99783890041212,-6.041721670039038,26.72833960776446,33
12,4534,4809,275,-8.146572167136583,-4.154631045159519,27.020907577499184,582
13,5271,5502,231,-0.12032783161964744,-6.823122706236475,88.98967633673604,462
14,5522,5641,119,-0.42501516231658343,-1.9825711620406423,77.90031130839638,20
15,5663,5871,208,-0.9278038589867492,-4.845066743288925,79.15940798402806,22
16,5904,6160,256,-6.961903081716514,-3.424642874825622,26.193121261011136,33
17,6190,6769,579,-5.1955365840220225,-0.6028213696214237,6.6182517864602115,30
18,7026,17867,10841,-8.704110712159661,-4.4988067538305785,27.33263431339299,257
19,17932,23740,5808,-1.930011966200908,-3.5561093518655014,61.50992933615793,65
20,23846,32368,8522,-2.054059075460927,2.327520356943978,-48.571287787219745,106
21,32486,42832,10346,-4.437029139132861,-1.9767405905356128,24.013447423254785,118
22,43043,50259,7216,1.9225558157017275,-3.7056001919394816,-62.57861389102957,211
23,54375,63107,8732,-0.8149674022300815,-1.9257178057817441,67.06182711813963,4116
24,63235,77168,13933,-2.066787558187002,-3.466985992349379,59.19940113442718,128
25,77309,80025,2716,-0.9639444553772165,0.10314447462474163,-6.1075533182623065,141
26,80134,86861,6727,0.7751741727658015,-2.1711958963572044,-70.35209576969478,109
27,87021,92365,5344,0.17566917999013754,-1.2475309886633852,-81.98468172176491,160
28,92612,109730,17118,-2.7604627032370956,-2.095774020763102,37.2061728244449,247
29,110168,115574,5406,1.5549482457823558,0.7869138835656457,26.842639338906796,438
30,115693,128230,12537,3.041572052624602,-3.802661011772642,-51.34530724150395,119
31,146756,156222,9466,-0.07318326119766994,-1.3225482205952375,86.83276566032559,18526
32,216040,226376,10336,-2.3754497117483737,-3.7831096683219556,57.87490643486031,59818
33,237407,251411,14004,-28.256803800643837,-5.067588968256359,10.167368118981447,11031
0,159,236,77,-0.9039016699604048,-1.0284417796984542,48.687629722581946,159
1,260,424,164,-4.2237611576496334,-3.48758325885494,39.546678363399046,24
2,1011,1370,359,-4.533477048757931,-3.3112821072073615,36.14464337333591,587
3,2219,2666,447,2.949996483736925,-2.468787964908003,-39.92523057259606,849
4,2701,2872,171,-1.397934835630167,-4.808869707504641,73.79089163110054,35
5,3174,3445,271,-2.4547093423967397,0.22882300233445108,-5.325605610047806,302
6,3688,4125,437,-6.087614911679509,-0.9070955272938335,8.475099048501423,243
7,4268,4426,158,-1.8872231172993992,1.0248487618660818,-28.503990936665407,143
8,4800,4977,177,-3.2978322590454496,-0.45762696920596113,7.900254448339608,374
9,5009,8289,3280,-19.29430954637688,-4.603497323293993,13.419512806307496,32
10,8349,11866,3517,-9.538274441232204,-3.746833549320314,21.44593737615832,60
11,11933,15104,3171,-7.0858698492554595,-1.96273019809216,15.48231287155849,67
12,15172,28045,12873,-8.813121216716013,-1.1962701388594184,7.729937257779946,68
13,28298,28769,471,0.9270275589984323,-0.8778050506254687,-43.43778140101449,253
14,28831,36666,7835,-7.824702735645332,0.015026358927855199,-0.11002921372985625,62
15,36768,45856,9088,-5.037556650381305,-2.7229796405586484,28.392808577210445,102
16,46962,54381,7419,-5.393297485484993,-1.2493679535697453,13.042627111346523,1106
17,54515,59042,4527,-2.1251365960886943,-1.562288124214561,36.32136017737327,134
18,59139,65230,6091,0.4644287902461883,-2.285054327246826,-78.51133535034074,97
19,65350,72173,6823,-1.295988393479945,-2.182593793330568,59.298854244317866,120
20,72269,78574,6305,-0.886064196889194,-1.0669080570994538,50.29046214474478,96
21,78778,86145,7367,-2.763368842797874,-0.8290951090282022,16.700850750174798,204
22,86290,91665,5375,-1.7015587163465824,-2.9316644031716663,59.86881796846621,145
23,91816,100199,8383,-2.067152882926692,-1.1615179375151712,29.331310588825804,151
24,100395,112366,11971,-4.496330476907531,-0.5922503887927348,7.5037232476376285,196
25,113146,123292,10146,-0.8245480410959516,-0.8495707877394665,45.856325726658994,780
26,123517,135838,12321,-0.790896088021924,-3.4865517166359012,77.2192071695322,225
27,136598,146820,10222,-3.701036710259075,0.6338894328168152,-9.718945868470538,760
28,147061,151814,4753,-2.369570041022996,2.630069658820915,-47.98262373747901,241
