,start,end,length,delta_x,delta_y,angle,interval
0,416,464,48,-7.740914787474765,-6.554709526815074,40.25664547826854,416
1,483,525,42,-3.628458292217829,-1.484202142731803,22.246762487157863,19
2,541,610,69,-5.319071568142178,-2.96815675454296,29.162460357279404,16
3,638,700,62,-5.215374861813515,-0.7184332683784049,7.843300023138687,28
4,719,787,68,-6.102960110893832,-0.7723096063968597,7.212257013194511,19
5,810,888,78,-7.033085358875084,-0.9484849487756861,7.680594249695648,23
6,906,1112,206,-16.353437235867574,-2.889750525120064,10.021060168666175,18
7,1141,1172,31,-2.2430903424853597,-0.7584528204463936,18.681861718703342,29
8,1193,1238,45,-5.010547858319157,-2.0874393482740743,22.617049751244792,21
9,1255,1300,45,-4.617297577422491,0.41346998882772823,-5.117076690671731,17
10,1362,1399,37,-4.036150691674962,-1.5486025547463385,20.990960872387266,62
11,1586,1875,289,-23.671522295463163,-0.1588800735368352,0.3845557905398683,187
12,1898,1965,67,-5.800763796419204,-0.025861951064484856,0.2554440898257261,23
13,1990,4614,2624,-28.589614370195292,-1.6847768042971865,3.3725215903824,25
14,4659,5010,351,-7.07987189972593,0.03853795749125766,-0.31187577104829345,45
15,5170,5239,69,-4.179839909888898,0.0841366450186598,-1.1531598910887293,160
16,5257,5357,100,-6.252279183563033,0.4759354948751593,-4.353069666789024,18
17,5385,6017,632,-23.25174817242589,1.3334051106727856,-3.282114580051904,28
18,6052,7528,1476,-15.346625188450929,-0.5397090735151693,2.014144007335079,35
19,7574,8331,757,-10.959056242527495,-2.127239834210471,10.984961814243109,46
20,8381,9509,1128,-14.54732568908058,0.5224258181021924,-2.056731053935283,50
21,11488,13461,1973,-13.96133660264708,-3.6650659782768145,14.709129814636487,1979
22,13509,14036,527,-7.227472106390223,2.0144195644889606,-15.574059151766422,48
23,14090,16201,2111,-13.460484740976824,-1.7831697413920011,7.546284728909467,54
24,18593,19777,1184,-6.799778812037019,-1.4138072799212438,11.745567867577856,2392
25,19823,21681,1858,-10.545847351601395,-0.6992084005430854,3.7932600985657183,46
26,21723,23643,1920,-11.655846039236707,-2.836198158415627,13.675912637222613,42
27,23729,26316,2587,-9.318187488369887,-1.8005886229938142,10.936687030484146,86
28,26380,28337,1957,-7.326300289326795,-3.1115412825330253,23.011339221137398,64
29,28390,30140,1750,-8.388200502695923,1.4589351445228402,-9.866587064495008,53
30,30213,31730,1517,-6.6329437503244435,-0.6615201443544976,5.695418563061269,73
31,33399,33509,110,-2.8241792095784177,-1.0343387368529022,20.114954316004695,1669
32,33541,35810,2269,-11.419536902945737,0.16698533564056106,-0.8377636687191887,32
33,35940,38072,2132,-9.154059768972914,-1.5927638917991374,9.870384604456834,130
34,38132,41124,2992,-11.796093229282945,-0.8268044563038757,4.009383081817193,60
35,41188,44477,3289,-6.9783339055409215,-3.515056643186014,26.734853036626703,64
36,44537,46854,2317,-7.264741379601503,-1.1335027337781582,8.868239631914548,60
37,46939,48448,1509,-5.913453642713719,-1.7304977502620176,16.3114501798745,85
38,50082,51621,1539,-8.51344628643919,-1.1755445813998477,7.861741172648676,1634
39,51779,55402,3623,-9.500601085970871,-1.2438453025461627,7.4588998701562454,158
40,55497,59303,3806,-5.649031319347941,-2.4506598069367556,23.45213909935247,95
41,59478,66810,7332,-3.791659772592851,-1.138171372239242,16.708579887966888,175
42,66873,72146,5273,-6.7147329134974,-2.839267562703185,22.9206573116848,63
43,72207,75091,2884,-4.344843762440547,-2.3071764991257737,27.96896516767517,61
44,75178,80621,5443,-8.364689830000216,-3.523717346305972,22.84379274563713,87
45,80688,82446,1758,-1.6708112968359927,-0.8789816479430641,27.747993690065606,67
46,82970,85077,2107,-11.220584053999929,-1.6830101908589796,8.53037899202654,524
47,85128,89221,4093,-7.3509768423342905,-3.0628919254866958,22.619764716392805,51
48,89288,92981,3693,-4.252928776701026,-3.3384199357963524,38.13083709467814,67
49,93051,97325,4274,-6.736879671260752,-0.59151280349964,5.017826926254369,70
50,97398,102854,5456,-6.048543505625162,-3.713629546135323,31.54871309479875,73
51,102965,105291,2326,-3.9398673535891646,-4.759740695688535,50.383799544567445,111
52,107170,110947,3777,-4.755710186735698,-1.9004366321892832,21.782219336892723,1879
53,111018,113918,2900,-3.5755249216272063,-3.2998735834014212,42.70410337871534,71
54,113987,114541,554,-4.454977294732032,-0.9948617364437382,12.588440414764294,69
55,115288,115367,79,-1.5702248706961655,-1.0287183496238015,33.230442992898894,747
56,115386,115443,57,-0.8510101512830772,-0.15188455488262775,10.119351157142988,19
57,115470,115861,391,-9.32258277982757,-1.3864903458771636,8.459242858848148,27
58,115892,119857,3965,-14.76656812503137,-4.302089716270686,16.24294593989311,31
59,119918,123299,3381,-12.084384759688845,-2.25141925819446,10.553671794899003,61
60,123395,127447,4052,-9.894158334649134,-1.5588448642032802,8.953468326500339,96
61,134035,137702,3667,-10.428355271253906,-2.120720702518682,11.494976477324006,6588
62,140683,143938,3255,-8.88329102215394,-3.315574285146184,20.467442953076983,2981
63,144000,145640,1640,-6.355331895044145,-1.1174667267556657,9.972457634519035,62
64,145719,145808,89,-1.8880814697609196,-0.3644127403871096,10.924154634673648,79
65,145834,146176,342,-3.3774215747408647,-4.578435398900552,53.58453510311651,26
66,146316,146381,65,-1.2463333595895278,-0.447818461555201,19.763806110396995,140
67,146397,146443,46,-1.5392337080711087,-1.239555253703088,38.84472699633081,16
68,146470,146539,69,-3.3953051234813927,-1.973769105095954,30.170423687283776,27
69,147463,147597,134,-5.443064946087276,-2.027201082518644,20.42721375099,924
70,147777,148139,362,-10.296050047325608,-0.8985270893422381,4.987515634956816,180
71,150696,150910,214,-9.021973919554085,3.428977557495344,-20.81027298101285,2557
72,151257,151310,53,-3.7269535114302528,-0.31583316941176065,4.843842418207525,347
73,151336,151396,60,-4.772007396497244,-0.8990898656563218,10.66996842201563,26
74,151422,151476,54,-4.911967164039282,-0.7902000299631453,9.139008393569958,26
75,151489,152232,743,-24.57138039484397,0.22695362515648299,-0.5291975822251163,13
76,152279,152328,49,-1.9900407204888353,-0.7776784671500394,21.34482264422791,47
77,152348,152409,61,-4.488061835234262,-1.4849606635372226,18.30778022623038,20
78,152422,152500,78,-3.9356242158547587,-2.6167226814993825,33.61918759282234,13
79,152512,152566,54,-3.642568414012473,-0.9671440504464215,14.869610983434617,12
80,152587,152961,374,-13.685016381781736,4.77390488755141,-19.230903657759775,21
81,153524,155440,1916,-22.78932839101573,6.112211368918679,-15.013672946401206,563
82,155528,156789,1261,-12.031668770136548,3.260711635735163,-15.16353844066336,88
83,156860,160244,3384,-15.029569040862143,3.2701104090980664,-12.275012377480149,71
84,160353,164305,3952,-11.238323256955482,0.12552083841427475,-0.6399099837795903,109
85,164364,166123,1759,-6.744962313179613,-1.0214245331825538,8.61116852384359,59
86,166284,166936,652,-5.647451779869883,0.4299401416622999,-4.353526303064336,161
87,170256,173158,2902,-9.511865005853508,-0.9819703437068625,5.894127671192537,3320
88,173215,176329,3114,-7.423079433385908,0.38402910991082706,-2.9615267665317457,57
89,176386,179514,3128,-7.548723977898945,-0.12800821076740476,0.9715055607534895,57
90,179558,181397,1839,-7.196242977440448,1.5305381096579822,-12.007080078766004,44
91,181453,184561,3108,-8.26938410237014,-0.44126816760304166,3.054501630896834,56
92,184632,185940,1308,-5.691135307764682,-1.17911885426372,11.705226238405096,71
93,186027,186714,687,-2.780286533554616,-0.47116399036063683,9.618305186955382,87
94,188235,190835,2600,-8.69368975769396,-4.802989716155722,28.919267473767942,1521
95,190891,191276,385,-4.994489369251582,-1.0713711453466743,12.107078395434508,56
96,191373,194896,3523,-11.569202022814324,-2.9809330123355693,14.448619736618197,97
97,195041,200567,5526,-13.64653418230833,-2.04911695389616,8.53953958186751,145
98,200668,202254,1586,-4.828606736611434,0.01503566829420322,-0.17841120597737525,101
99,202302,205932,3630,-9.924092942176571,-3.0683314673068196,17.18056505502211,48
100,205989,208981,2992,-5.954303826599954,-2.2327894745728827,20.555417051426232,57
101,209078,211278,2200,-6.411430767818857,-1.6245539662412796,14.218581293023316,97
102,211535,214469,2934,-11.285966249122154,-2.2905395070469723,11.472618322420242,257
103,214533,216260,1727,-7.490101635638595,-1.036620390238724,7.879607092362287,64
104,216321,218566,2245,-7.571592148191982,-1.2678365665387332,9.505789982104579,61
105,218623,220830,2207,-8.167074174111477,-2.419120480289351,16.49950270904753,57
106,220907,224979,4072,-9.435846661148588,-4.27824797945182,24.389716374950233,77
107,225085,229799,4714,-9.107441970939064,-2.998650501399851,18.224272744289937,106
108,229874,233168,3294,-6.2371032076438695,-3.3903995268111657,28.527866402287977,75
109,233607,233890,283,-6.652892474494166,-0.6709619033916425,5.758959166540604,439
110,236862,236917,55,-1.3832392566620513,-0.985224308317072,35.46070406783247,2972
111,236988,237043,55,-2.292810200222945,-2.952782912267992,52.17097234000091,71
112,237066,237497,431,-7.1268153435506605,-5.160098592396821,35.9060378727403,23
113,237528,244085,6557,-27.262162592696768,1.5896479633842375,-3.3371198733801335,31
114,244142,247533,3391,-10.005301695971653,-0.6801814216444626,3.8891035358399244,57
115,247595,250300,2705,-5.594477998298601,-1.8682367556745731,18.46638116814293,62
116,250383,254392,4009,-7.731003104240386,-1.1452908093802847,8.426657302242248,83
117,254480,257639,3159,-8.534819913428464,-1.1239704741493455,7.502244348724549,88
118,257689,259603,1914,-4.686729696836338,-0.5265567692182884,6.410332083753664,50
119,263058,265711,2653,-7.539527665794623,-1.185541791258828,8.936218000460826,3455
120,265777,266500,723,-3.845102468982219,-2.8484201474941813,36.53074208640541,66
