,start,end,length,delta_x,delta_y,angle,interval
0,1552,1681,129,-10.302429747731935,-2.0384383889977755,11.19198508526627,1552
1,1701,1796,95,-6.831943202356285,-1.2166600633975975,10.097607161290332,20
2,1880,1953,73,-6.375831468319859,-1.3317827683135022,11.798296621485376,84
3,1973,2082,109,-9.508663184807588,1.0854498067234317,-6.51233959394877,20
4,2098,2152,54,-5.004531982439417,-2.9510284629511574,30.526629174422663,16
5,2169,2227,58,-7.57537301513436,0.26198525070221024,-1.9807168539616764,17
6,2241,2281,40,-4.139864643564152,-1.0450276798165987,14.167228617349092,14
7,2299,2352,53,-7.12575002595284,-1.4109333011209628,11.199975251614594,18
8,2369,2421,52,-7.065352521479625,-2.3857034128463823,18.657888212315388,17
9,3130,3187,57,-8.671850911957563,-4.413615348404875,26.974221778428177,709
10,3204,3284,80,-12.378944360209275,-3.4680438123484834,15.650569975896524,17
11,3404,3446,42,-6.561463721434393,-1.6012792405987426,13.714561700990998,120
12,3468,3503,35,-5.927893261134059,-1.9202138947971434,17.9486195987429,22
13,3534,3760,226,-27.48238269122176,-0.8530514018267468,1.777886495254695,31
14,3834,3910,76,-9.10582461363353,-0.4386587269406874,2.758001575254834,74
15,4044,4171,127,-16.65247878578458,0.24769578250402446,-0.8521780220867836,134
16,4205,4267,62,-8.23348875180136,1.8032503001714417,-12.35352842012025,34
17,4298,4400,102,-12.765181861358684,0.3994793279430837,-1.7924548387011412,31
18,4418,4520,102,-16.354049947406878,0.33929384085169545,-1.188532301452104,18
19,4544,4699,155,-20.557103376272494,1.7081323783363302,-4.749913672020246,24
20,4719,4826,107,-15.5790571626938,9.828207479931677,-32.24619727937024,20
21,4963,5095,132,-16.19417128169971,0.5825994594216013,-2.0603771390431125,137
22,5121,5234,113,-15.333915813540841,0.7917378093374055,-2.9557346864401683,26
23,5259,5392,133,-16.13883130125666,0.8165900745829759,-2.8965727414403255,25
24,5561,5757,196,-16.55958000878026,-5.176927006470677,17.36051233240046,169
25,5782,5866,84,-10.272333553169986,-1.293599408224182,7.177500033795601,25
26,5888,6005,117,-12.434985371278444,-0.9328820605038857,4.290336167810428,22
27,6023,6100,77,-8.959308879185684,-1.1388234134005302,7.244055091090726,18
28,6133,6263,130,-12.064626137131313,-0.5509134137530793,2.614511314967484,33
29,6289,6384,95,-9.34945249802415,-2.9429646897119994,17.47264730238295,26
30,6406,6490,84,-12.196427430222286,1.1353275008024326,-5.318160350221909,22
31,6592,6669,77,-8.543203986492998,-2.8686848056796634,18.561309306926766,102
32,6688,6746,58,-7.559327934179109,-5.010094516023258,33.535216407060226,19
33,6763,6803,40,-7.022011739677325,1.0632279334475356,-8.609959058517958,17
34,6838,6880,42,-6.592784359335198,-2.2048064825515183,18.491337389199707,35
35,6899,6952,53,-7.309548548593696,-2.1736515195131147,16.560978285866582,19
36,7352,7422,70,-10.412561284312659,-0.2373319624718988,1.3057081106967303,400
37,7453,7518,65,-10.287693176666636,-2.9601531498466045,16.052501256607385,31
38,7537,7658,121,-16.324731643546656,-0.7024504581812039,2.463907813923446,19
39,7691,7824,133,-14.926150814078056,-0.8025489054816575,3.07771444405193,33
40,7858,8059,201,-16.53301451781499,1.4937732487844642,-5.162709222758173,34
41,8083,8923,840,-22.45391250227418,3.4190428883221813,-8.657886656111009,24
42,9118,9235,117,-3.9844744533291987,-4.215423926174594,46.61330448208973,195
43,9661,9760,99,-6.677929272798835,0.3478076433037529,-2.981451183122988,426
44,9831,9982,151,-14.633697653942264,-1.0994780446479382,4.296748249518547,71
45,10018,10100,82,-6.354421035408521,0.14777391779021798,-1.332189974403438,36
46,10131,10602,471,-22.031819988656935,2.4745747920513566,-6.4085014341534325,31
47,10648,12378,1730,-16.998432888219995,1.2496213570169061,-4.204473898095055,46
48,12434,13130,696,-11.62264923388139,2.275358091447842,-11.076666734552198,56
49,14132,14163,31,-3.0065908796037633,-0.4237460564184232,8.022372789151902,1002
50,14186,14279,93,-8.217197707063264,0.5243984229158087,-3.651503631619654,23
51,14493,14545,52,-4.833012771548226,-0.8612590538089506,10.10423257047067,214
52,14564,14630,66,-7.683781589398123,0.709575669747224,-5.276140112527377,19
53,14653,14824,171,-17.958942868476,2.1452674599356527,-6.811931696239921,23
54,14860,15296,436,-20.932805417489917,3.1720341391831255,-8.616710314051799,36
55,15332,19734,4402,-26.61683119158934,1.907245997524143,-4.098560437351398,36
56,24576,30109,5533,-9.617001661837108,-2.7369921847912053,15.886317321149853,4842
57,30230,35812,5582,-8.594516472043225,-2.322258122768318,15.120377971524263,121
58,35930,39118,3188,-4.686384675687066,-0.16131983549851725,1.971519231149121,118
59,39199,40763,1564,-6.84706475099388,1.6264620385623942,-13.362469294148696,81
60,40840,42415,1575,-7.806604848369432,-1.3042433706600036,9.484761894158394,77
61,42612,44975,2363,-7.4284617194600315,-0.7057450575408097,5.427127387637793,197
62,45050,53972,8922,-7.571420886421308,-2.922736543225099,21.10769527447795,75
63,54058,58262,4204,-7.058888093269587,-1.6990431522806801,13.533410483489277,86
64,58351,61867,3516,-5.616453887920272,-1.6143513421623226,16.036370664893933,89
65,61975,69877,7902,-8.995655327152306,-2.5234211689560055,15.669633952400206,108
66,69988,74976,4988,-6.015475236262347,-1.0025005056769203,9.46159286615986,111
67,75111,83725,8614,-6.4495915500165495,-2.254323142511595,19.26603197012265,135
68,83923,86792,2869,-0.7064428646505547,-0.6214585680336313,41.3381243730876,198
69,93863,94164,301,-4.68713261815229,-1.4397213611442368,17.07510602914428,7071
70,94400,94681,281,-4.89057730565321,1.588658930627517,-17.99590993984226,236
71,96027,96265,238,-5.258539311945512,0.9944241783735634,-10.708551179166502,1346
72,96333,96515,182,-4.098771029725526,-0.07357248752640544,1.0283424834713242,68
73,96670,97043,373,-16.921320223155618,0.9261857468545003,-3.1329491221352828,155
74,97115,97317,202,-7.8564740346377135,-3.596411770884572,24.596606283512354,72
75,97364,97735,371,-10.768171886576269,-0.17505194559409176,0.9313423299715792,47
76,102103,103325,1222,-18.192242830072118,1.7250525856180445,-5.416791475089154,4368
77,104774,109369,4595,-7.675244426710464,-0.3531066953006956,2.6340878142129953,1449
78,109517,111425,1908,-2.3632769666641167,0.11960960955299527,-2.897368081624058,148
79,111524,114048,2524,-5.236396505370635,-0.06036756436887458,0.6605025870864627,99
80,114183,119042,4859,-5.711394690960759,-1.2388225025719777,12.23809276066377,135
81,119984,121333,1349,-4.955052153414016,0.9140440109711534,-10.45169181162192,942
82,121397,122701,1304,-5.1305735302850195,-0.11402637441463526,1.2731821503626488,64
83,122986,124013,1027,-4.7552105105764895,1.3261788270843624,-15.583234294275128,285
84,126662,128593,1931,-4.777885291300024,-0.676161847844341,8.05495529794931,2649
85,128657,131018,2361,-4.088466980703984,-0.9884526586508571,13.591373057583816,64
86,131074,134613,3539,-6.9460027902387225,-1.227234600046259,10.019734028798766,56
87,134757,138821,4064,-3.86746458176664,-1.1102782371405198,16.017802835820905,144
88,138960,139476,516,-2.2969767015182327,-0.5426822537585423,13.292911925579348,139
89,141516,144510,2994,-6.688090289017708,-1.2490191204834389,10.578288379822059,2040
90,144612,145326,714,-3.4594343826456253,-0.6594394406768913,10.792281757581346,102
91,145404,148738,3334,-5.1577260939522915,-2.156944841346885,22.694528343008464,78
92,148838,149984,1146,-4.711911518468753,-0.9411978221468758,11.296082739373846,100
93,150209,150405,196,-4.52479110660353,0.1062241457414217,-1.344830595835582,225
94,150480,150563,83,-1.9758686970431683,-0.31015395576544336,8.92097678723163,75
95,150584,150694,110,-2.2800742153598463,-1.0852397728736776,25.452900311573405,21
96,150721,150933,212,-5.424290310132207,0.7601940653091361,-7.977829893068986,27
97,150961,153222,2261,-10.00964825110107,-1.9523837066563203,11.036978833097525,28
98,153289,153691,402,-2.4661748909761485,-2.8249693599796615,48.8793094867337,67
99,156230,158805,2575,-4.489521041026109,-1.8187738897852626,22.05362502837175,2539
100,158870,160148,1278,-2.478092408878993,-0.9603793132217362,21.183731694486138,65
101,160238,162120,1882,-3.658668503215381,-2.2934467398603857,32.08165933461801,90
102,162227,163485,1258,-4.176502380099066,-1.8858252853021185,24.300708251522767,107
103,163575,165075,1500,-4.600346826709128,-0.6842628628215408,8.460237159041846,90
104,165148,167107,1959,-6.498238738110587,-1.0462334390114876,9.146279931344225,73
105,167237,168091,854,-5.469877445046137,-0.26802842866169385,2.8052958295572483,130
106,170143,173187,3044,-9.059602590915262,-2.399532138899204,14.834765986954185,2052
107,173329,175024,1695,-6.512236966818392,-1.7309478738249453,14.885008806589287,142
108,175155,177787,2632,-8.07909054982666,-2.0824847561563757,14.454057011507514,131
109,177925,179441,1516,-5.084269589894959,-0.15076019620894954,1.6984529418808434,138
110,179606,180633,1027,-5.818169951170759,-0.801912829731279,7.847578963859123,165
111,180711,184260,3549,-8.136253165555644,-3.0513604384135817,20.557684364438003,78
112,184369,185372,1003,-4.05976365586838,-1.15459801278692,15.87576802736778,109
113,185436,185658,222,-3.3543175111412467,-1.7404575007744967,27.42348172802285,64
114,186178,186397,219,-6.581380338147085,-1.5684512827558592,13.40449239721187,520
115,186426,188556,2130,-12.458184616988447,-2.8590344197624518,12.925033301122896,29
116,188621,191412,2791,-9.28211935544347,-2.157241051170871,13.083745017533346,65
117,191595,194987,3392,-7.856947115010783,-3.089033562947378,21.462743385449144,183
118,195067,196340,1273,-3.6571174275383243,-1.2417765317284193,18.75495107129841,80
119,196444,196827,383,-2.627174199635178,-0.5762592245718281,12.371652779857087,104
120,196895,199681,2786,-9.909695977381773,-3.299238146054037,18.41416388826871,68
121,199938,200135,197,-1.2398888206411698,-2.1373892203095153,59.88219364155017,257
122,201560,203494,1934,-8.367371710923408,-1.1274825757907507,7.674240105683821,1425
123,203599,208091,4492,-8.517847448000623,-4.409565285709903,27.36994305994114,105
124,208317,210318,2001,-5.894190167542789,-1.3204703612922515,12.62742676219947,226
125,210532,212508,1976,-5.3482537546668425,-1.73013279291024,17.926129528568918,214
126,212647,214985,2338,-3.288095999509679,-2.767890111495845,40.090375844851586,139
127,215205,216690,1485,-5.8210297332753385,-1.550357188700474,14.91379586920082,220
128,216864,217082,218,-2.683385441944324,-1.077188257352418,21.871948385387757,174
129,217133,217362,229,-3.5377015575440964,-0.1408876124443026,2.280577365180458,51
130,217414,219483,2069,-7.705800381828524,-2.8634457792571055,20.3848724262069,52
131,219702,220712,1010,-2.8217316799911316,0.41218866977722257,-8.31078642677732,219
132,221316,221408,92,-1.9578013649084482,-2.1756282577985075,48.01662988044193,604
133,221441,221991,550,-7.661258847078528,-3.0827307185363964,21.91882547227236,33
134,228552,231507,2955,-6.389266576878086,-4.720328689441487,36.45663228656017,6561
135,231681,235402,3721,-9.134729938204202,-3.6072446858188414,21.548737003136587,174
136,235492,238296,2804,-3.8956998968193943,-3.5859504011255297,42.62923840214167,90
137,238511,240310,1799,-4.826799444162518,-1.6710411164157506,19.095886808346183,215
138,240475,242917,2442,-6.579194797866009,-1.8420822538080301,15.641501168867833,165
139,243002,245368,2366,-3.753601811827238,-1.7270943315207603,24.707941756814726,85
140,245458,247221,1763,-4.990475501938917,-2.4696177382073756,26.329253062890754,90
141,254765,254845,80,-2.7216479369681537,0.6908292422661049,-14.242459460986682,7544
142,254868,254944,76,-2.736631409165625,-0.916611829397084,18.517843357583214,23
143,254958,255028,70,-4.6046323498242145,-1.4891885805645302,17.921775966884802,14
144,255054,259043,3989,-27.156977940933324,-1.58252975385102,3.3350489134620456,26
145,259109,259371,262,-3.5422869323165855,1.3330764496234906,-20.622932235387427,66
146,261119,261607,488,-1.9121831737948298,-1.1486526157256236,30.99333000759225,1748
147,261646,264267,2621,-8.993897755993089,-1.7135866192289626,10.787145581303363,39
148,264326,266346,2020,-9.61047792255944,-3.1172116811860207,17.970757623722285,59
149,266551,268123,1572,-8.34180715470167,-1.3844072042928843,9.422928921300645,205
150,268199,270316,2117,-8.982551157759403,0.14752101418686436,-0.9408876792698275,76
