,start,end,length,delta_x,delta_y,angle,interval
0,102,153,51,-7.059503808319789,-0.20446444707035027,1.6589941907960766,102
1,168,213,45,-4.067220444237321,-2.41448738497067,30.69529837597378,15
2,229,273,44,-4.8427742871877655,-0.39361471966586237,4.646715801989684,16
3,291,337,46,-7.533703790257363,-1.764078667129425,13.178836304321786,18
4,352,592,240,-19.997233103383806,-3.5037080180489397,9.937899671693563,15
5,612,910,298,-28.23169679871205,-10.878407761756677,21.072972726716664,20
6,1390,1432,42,-6.535424959853458,-1.7999010825871977,15.3979231374086,480
7,1451,1660,209,-28.307492290229376,-0.8673470436223596,1.7550047011726826,19
8,1680,1765,85,-10.194854514954429,-1.2753567884650607,7.130549744531762,20
9,1847,1887,40,-6.568409021735604,-0.21942198794299372,1.9132913957216824,82
10,1905,2151,246,-32.84106529205725,-9.305654018266083,15.820301047822625,18
11,2238,2306,68,-9.849439258627669,0.6647098892419763,-3.8608704705686234,87
12,2327,2379,52,-7.714193990723913,-2.1297473951951815,15.433851945974274,21
13,2395,2464,69,-10.583475516672351,-2.9918400350555316,15.785053747323959,16
14,2474,2576,102,-16.24746065900169,-6.0159901899011174,20.318212711166726,10
15,2601,2670,69,-11.05610140751564,-1.6017206029510334,8.24320973881998,25
16,2684,2760,76,-11.364021208992938,-3.836736052582708,18.655779795150302,14
17,2777,2857,80,-8.847718077550226,-4.87810686903812,28.869735476190495,17
18,2877,2938,61,-9.033062210607639,-1.8562643329557602,11.612433754895108,20
19,2959,3015,56,-7.711018287527324,-0.33128909306040555,2.4600902515423124,21
20,3035,3190,155,-20.524767722427868,-5.030403915906376,13.771135171574915,20
21,3206,3265,59,-8.076883602302885,-0.1595630758239821,1.1317609843034502,16
22,3296,3359,63,-8.782188291488794,-0.06449378086544755,0.4207556135449428,31
23,3381,5361,1980,-44.064085984856646,-7.563749403737262,9.740091076498494,22
24,5957,7121,1164,-2.768713047256611,-6.060686543289478,65.4475821196203,596
25,7228,9000,1772,-6.882877254101416,-4.473015022223365,33.01886272847964,107
26,9059,9423,364,-5.901017130970487,-2.293814399198098,21.241855154249443,59
27,9463,9500,37,-0.15511737030529105,-0.6115646128915131,75.76762594022709,40
28,9519,9572,53,-2.3642062949990077,0.8001038624881147,-18.69704677225014,19
29,9593,9653,60,-4.624646097953956,-1.4348458113619529,17.2370611972102,21
30,9673,9763,90,-7.380837508559978,-0.44477152233827155,3.448491032136687,20
31,9782,13445,3663,-32.59984340768821,-8.44799704198843,14.528173452680548,19
32,13519,13585,66,-0.0753493546703794,-0.02889181987485756,20.978731170743742,74
33,13608,16766,3158,-20.283973151507823,-6.954641868330256,18.924990155355985,23
34,16827,17067,240,-4.003937479567057,-1.2905919494230602,17.865724317874495,61
35,17289,17315,26,-0.7759023535922722,-0.5812759063614266,36.839125541274335,222
36,17330,17375,45,-2.000668038386152,0.3921241903073138,-11.089209510311255,15
37,17397,17448,51,-2.883319425069743,-1.709768980317321,30.66736103852666,22
38,18676,19444,768,-14.595032007627537,-4.7863190412110015,18.15647252207976,1228
39,19479,19840,361,-4.712322384544834,-1.4363198496500615,16.951265763870264,35
40,19873,23533,3660,-15.70791651533574,-9.40720937052312,30.91668894057165,33
41,23592,23690,98,-1.2072275717783612,-1.4986826038207965,51.14765801908717,59
42,23708,27129,3421,-19.10541855558786,-8.255513872350221,23.36933074965896,18
43,27923,27976,53,-3.430490291875529,-0.2856703824492257,4.760261155691202,794
44,27999,28142,143,-10.262389309386876,2.8839167871406204,-15.696322312223277,23
45,28161,28659,498,-15.272286043572123,1.2894993560440184,-4.826261452019017,19
46,28691,30324,1633,-11.789980172864574,-0.6082820856899787,2.9534504239287522,32
47,31646,31740,94,-6.269936133703638,2.237190107973433,-19.63702342935198,1322
48,32301,32336,35,-1.6238377868844083,-0.3150270437986791,10.979087190388059,561
49,32353,32431,78,-3.9906826241768414,2.139025148790026,-28.191523207658214,17
50,32455,32513,58,-5.630490179225646,0.7454480571744142,-7.541806531772552,24
51,32541,32645,104,-7.549100117976963,1.86806712376287,-13.898953825159177,28
52,35113,37926,2813,-4.86802100344029,-5.793243213964118,49.95990362891884,2468
53,37979,38112,133,-1.3231226103391407,0.05261557167483488,-2.2772361399382866,53
54,38158,38259,101,-1.077747170017588,-0.8448912800471646,38.09438816903495,46
55,38354,38408,54,-1.1676974854290023,-0.7512973105642828,32.757255008497964,95
56,38433,38598,165,-2.7048990271825772,-3.2881158067362435,50.5582989339865,25
57,38632,38698,66,-1.098635435738629,-0.36310281206137063,18.28889929554079,34
58,38720,38952,232,-8.299221214760479,-1.7269105715456163,11.754434128706132,22
59,38983,42134,3151,-16.30553465093341,-3.7471963350232187,12.942496314015633,31
60,42533,42620,87,-2.5828721850704994,-0.17991010703569543,3.9845050116920766,399
61,42642,42687,45,-4.346473409734401,4.22072804304328,-44.159099789645374,22
62,42705,42923,218,-4.605543135517465,-2.436112906541524,27.876707508062204,18
63,42945,43002,57,-1.0376230491691558,1.385414858661747,-53.16818496083736,22
64,43516,43567,51,-2.1354388883889897,-0.747093508999086,19.282633572904988,514
65,43593,43654,61,-2.5260141200700588,-0.5649520584972549,12.606934489165889,26
66,43681,43724,43,-2.6296343385080405,-1.8281461810174306,34.807384916548706,27
67,43746,43828,82,-7.658636057755274,2.1570430762884882,-15.729792363268633,22
68,43849,43875,26,-3.4693156479165026,2.0811606175128787,-30.958549512232445,21
69,43896,43963,67,-3.670279726501903,1.177858174533398,-17.792361470745476,21
70,44573,44674,101,-4.288938653695908,0.9516287617259565,-12.510109136547364,610
71,44696,44815,119,-4.323159762274315,-1.6459833026126631,20.843639391513342,22
72,45311,45481,170,-1.2624971925980617,-1.2577572387806555,44.89224142402703,496
73,45509,45585,76,-4.1886515657399315,-2.3067178945988758,28.841865393232446,28
74,45653,45757,104,-3.4177270202244756,-1.4715390680965186,23.294813748994788,68
75,45785,46073,288,-8.12078445488028,-3.0655590759378413,20.68129284308375,28
76,46103,46166,63,-2.8031302332833974,-0.25797575110181015,5.258193884443723,30
77,46197,49491,3294,-29.898909702964957,-5.067759178050238,9.62000230958998,31
78,49579,50784,1205,-8.528884237165201,-4.2538338580681625,26.508011040426265,88
79,50873,53584,2711,-7.379168400519191,-9.576254659886146,52.38325499723179,89
80,60685,64851,4166,-4.680671740228107,-7.360651946679255,57.547535449315006,7101
81,64964,66112,1148,-2.374322192158502,-1.5258715423780131,32.72705621629616,113
82,66200,68461,2261,-3.556256171183989,-2.4297605228159966,34.34227671499321,88
83,68603,71549,2946,-0.9552773809616468,-6.732368217089089,81.92402926876713,142
84,72733,74214,1481,-5.372365977649267,-2.455553078565856,24.563769215049103,1184
85,74291,74849,558,-1.860941044343349,-1.2842637560130186,34.6101480208487,77
86,75099,75510,411,-6.707551422249082,-2.390688402656835,19.616954714332643,250
87,75542,77093,1551,-4.45566075144707,-2.71206907964752,31.328014987443385,32
88,77142,78023,881,-2.7378426639917848,-3.207610145671495,49.517719992993264,49
89,78090,81061,2971,-7.220099593955439,-9.084403640364314,51.523035514157016,67
90,81146,82959,1813,-3.8192677802510673,-3.4333098883859208,41.953783991340266,85
91,83033,84239,1206,-3.250102367902244,-1.6469285654402483,26.872759306693318,74
92,84310,85834,1524,-2.873496211837974,-1.8701601298182453,33.057322087704065,71
93,86084,87871,1787,-6.405528510314596,-4.297890666483781,33.86026072500881,250
94,87980,89810,1830,-4.940555401117749,-4.503707610394244,42.351650750163245,109
95,89920,90210,290,-1.5438312446788132,0.08186924140615304,-3.0355470187987237,110
96,90684,90739,55,-1.5182261124612495,-1.443681079696276,43.55828896128745,474
97,90759,90920,161,-4.121557433531592,-0.25024012332994516,3.474444870658317,20
98,94009,95025,1016,-2.7762595273667614,-1.7329347155691153,31.972313931139226,3089
99,95079,97663,2584,-4.354867431170504,-4.145731087284446,43.590662402987114,54
100,97714,97808,94,-0.6034330447230758,0.1444724785647793,-13.464176282330582,51
101,97827,97858,31,-0.5000296488044,1.3362534726737607,-69.48401550336428,19
102,97871,99888,2017,-4.151705096493359,-3.701005013146087,41.71515776779007,13
103,99960,101056,1096,-5.054709194849522,-5.598175553383129,47.920463117707946,72
104,101120,103809,2689,-4.372793948161743,-5.36950299799652,50.841458220581885,64
105,103914,106042,2128,-2.650868945843598,-2.324185919100316,41.2431115807938,105
106,106135,107297,1162,-0.9280792352976732,-4.434809795129723,78.18020449770403,93
107,107363,108110,747,-4.504465841539428,-1.7420721453937773,21.143646174440615,66
108,108159,108588,429,-3.471967603153743,-4.737126105428416,53.76130486781308,49
109,108625,111348,2723,-3.662597985980028,-7.755177459872328,64.71967505566971,37
110,111444,112350,906,-4.829754011827873,-6.653510228861236,54.02426643953849,96
111,115472,115758,286,-1.7589090129373233,0.7301990121976871,-22.545446098859998,3122
112,115780,115943,163,-2.217352322215305,-0.4983614025042584,12.667031108302893,22
113,115967,121787,5820,-15.13283641997188,-7.931320738266649,27.659631106342676,24
114,121839,122527,688,-4.9019801657475455,-3.8722824006331678,38.306706519868186,52
115,122572,123314,742,-6.240190090920038,-2.898744992089661,24.916202822494082,45
116,123774,123937,163,-3.4667843649608585,-2.6004119590844965,36.87332121713446,460
117,125044,125348,304,-2.23338684908974,-3.0040048324862028,53.37031202368034,1107
118,126096,126142,46,-0.18706009704717985,1.0003998248389792,-79.40883398911929,748
119,126166,126202,36,0.07123711018577694,-0.13094784004263715,-61.453307822730956,24
120,126222,126540,318,-3.2029528040462765,-0.7641934268403929,13.419337253045413,20
121,127909,128314,405,-3.483611018721845,-1.0656076311695557,17.008435695486803,1369
122,133606,134115,509,-2.596428310998945,2.060494595959298,-38.43509734100771,5292
123,138137,138318,181,-1.1796510846672703,3.1431092914198757,-69.42821292229567,4022
124,138597,139214,617,-6.94883067225409,-0.6180742150126122,5.082883229958987,279
125,139247,141225,1978,-6.436608881407622,-4.634210316015043,35.753019141256445,33
126,143009,144062,1053,-3.700852471270565,-2.1132626162539623,29.727252550869814,1784
127,144094,144297,203,-1.568726925456403,-0.47753032914916105,16.93057829917942,32
128,144606,144654,48,-2.606510111230236,2.1878091068573298,-40.00886636639919,309
129,144671,145336,665,-8.628587504422242,0.8895110394734758,-5.8857640184744415,17
130,145383,145462,79,-2.591103053553013,-2.965953754278601,48.859034974165965,47
131,146381,150136,3755,-17.881941927934193,-9.659929121122616,28.37817579361542,919
132,150195,152545,2350,-9.335112861334864,-4.382803432258342,25.149894227894414,59
133,152610,152912,302,-3.154012148277971,-3.293646462066903,46.24063740517106,65
134,152969,155979,3010,-14.440829248390713,-0.4768602113197744,1.891314730515823,57
135,156040,156288,248,-4.732195224289185,-4.091771056802145,40.84887620052374,61
136,156311,158952,2641,-8.205514253810477,-6.451217890744175,38.174613098894035,23
137,159033,161563,2530,-7.283669131984169,-1.9781378488088848,15.194203435625473,81
138,161610,162835,1225,-9.073279787612876,-1.7402435295476835,10.857402937932562,47
139,163289,163637,348,-9.255216610488276,-1.6826990699266133,10.304441452856626,454
140,163740,163792,52,-3.225909463578674,-1.8465555065834565,29.787422941729165,103
141,163809,163943,134,-7.049147369821085,3.204199030179481,-24.444231874375955,17
142,165239,165836,597,-10.872547949034981,-2.342283660456701,12.157480400534185,1296
143,165863,166192,329,-7.952526114373697,-1.8211261511274586,12.898319581724333,27
144,166245,166432,187,-4.82969599894632,0.035591296667675465,-0.42221998525870963,53
145,168490,169474,984,-9.361683563730281,-2.6243835942949403,15.659907579601102,2058
146,170027,170375,348,-6.247443707158212,-5.663451290046979,42.1930298206519,553
147,170414,171254,840,-5.741434584623832,2.10207194520234,-20.108846480564736,39
148,172742,175254,2512,-10.61920914444562,-2.713973250874588,14.336323556338819,1488
149,177059,177944,885,-4.704958530756471,-3.045882868289482,32.91809908069133,1805
150,177992,181686,3694,-4.910282610678408,-4.708760365945281,43.79980937036871,48
151,181747,182070,323,-1.6467123893994682,-0.8175390382427139,26.402900577479578,61
152,183944,185409,1465,-2.1421272116356818,-7.543924648235475,74.14789507740214,1874
153,185489,186354,865,-4.235473385211236,-3.373112846981911,38.533665683116745,80
154,186587,188200,1613,-2.059175649164004,-3.005697229570899,55.58531413154771,233
155,189870,191937,2067,-5.354540148612884,-3.7721893129876776,35.164093280989185,1670
156,196416,198756,2340,-8.85043219057188,-6.762022959949064,37.38102428881362,4479
157,198827,200047,1220,-2.9768099599692164,-2.175849981770938,36.16431864483125,71
158,200108,200710,602,-3.7177383032309734,-2.2085712681119958,30.712985602177486,61
159,200802,203775,2973,-11.99570282338378,-10.206376171454096,40.39233410746487,92
160,203857,205862,2005,-5.996785538318889,-3.292443236673833,28.768312949788687,82
161,207639,207991,352,-5.742855055351939,-5.924282441572728,45.89089425438591,1777
162,208032,210064,2032,-7.54378038070999,-2.8810232466524184,20.90221150679707,41
163,210686,212297,1611,-8.124747068294269,-4.056789131737801,26.5335375167331,622
164,212358,212509,151,-1.7436673368818418,-1.1163190182814446,32.62791216511476,61
165,212533,212671,138,-3.13757140237594,-1.7419821247239042,29.039069240925162,24
166,212694,213224,530,-6.194355833388315,-0.7739544294477128,7.121919368457842,23
167,217832,217952,120,-2.6638911998342394,1.8575108615996783,-34.887767614241525,4608
168,218306,218478,172,-4.181485284516242,-1.9720273008614555,25.249000248673074,354
169,218544,218787,243,-8.55871447020077,1.865152280373323,-12.293933501837968,66
170,219384,219453,69,-3.8273498152484393,4.391340237401323,-48.925648705030454,597
171,219478,219685,207,-7.833574623774126,-1.6981528665967573,12.231258937028736,25
172,219712,219882,170,-6.522193914121772,-1.8198716259878722,15.590565480284747,27
173,220885,221104,219,-7.6083512356629655,-6.241434773191941,39.36339859582687,1003
174,221144,221212,68,-4.924222819882431,0.4751775111481322,-5.511860196522116,40
175,221235,221357,122,-6.399486240167235,-1.8004475608172044,15.713549930678218,23
176,221381,221663,282,-9.95478171435073,-0.40700521145687674,2.341256764164755,24
177,224077,225069,992,-6.817186475614633,-1.5276812034165204,12.630890166092417,2414
178,225170,231200,6030,-21.884065105886336,-9.307774084448113,23.041116305889545,101
179,232959,235547,2588,-4.694931620157973,-0.9860875270859992,11.86155440815182,1759
180,238246,239981,1735,-4.5301914691446825,-5.517789363460423,50.61346861977258,2699
181,240050,240274,224,0.9921520205379579,-4.507001405522843,-77.58516423698845,69
182,241396,242850,1454,-5.174064306016703,-3.8087024426612004,36.357313893338194,1122
183,242894,243071,177,-0.9136180497721114,-0.8727756479196245,43.69027211386677,44
184,243099,244850,1751,-9.6480862476391,-4.623371572421448,25.603782506227034,28
185,248017,251693,3676,-10.078559115126538,-7.424929722888962,36.37927797984984,3167
186,251773,252473,700,-1.742023376826367,-1.6738762452290956,43.85710191249667,80
187,252514,253449,935,-3.0937058914788764,-4.754444069472825,56.94803868450789,41
188,253519,254372,853,-2.211848387375369,-0.8642111979814757,21.34153211262771,70
189,257561,258545,984,-7.472375533466973,-7.65103993389755,45.67684710024888,3189
190,258606,260279,1673,-1.6644652936612232,-3.4826248936523996,64.45527268223653,61
191,260330,262024,1694,-5.561200472145117,-2.9297284933977465,27.780971802642043,51
192,262153,264803,2650,-4.648030069470366,-3.5166335220974787,37.1106316808908,129
193,265371,265527,156,-6.476953078285774,-6.501300263580077,45.10748667691616,568
194,265565,265792,227,-9.471579160919589,-2.340968371016075,13.882838485085436,38
