,start,end,length,delta_x,delta_y,angle,interval
0,2076,2156,80,-11.733017562590845,-5.094811946163375,23.471865030535454,2076
1,2181,2272,91,-17.120896676903172,-1.0812017913023766,3.613487432890856,25
2,2291,2452,161,-24.594992721182862,-7.218425287940008,16.356524032560294,19
3,2493,2771,278,-41.16245951057343,-12.367428434633226,16.72310933811807,41
4,2785,2879,94,-12.237590186398336,-3.2226751113390293,14.753443575522518,14
5,2897,3004,107,-16.860041488537703,-7.365980525910743,23.600027160544645,18
6,3021,3091,70,-11.841407237004503,-4.2459085591571295,19.726032632388875,17
7,3107,3186,79,-12.158875712362416,-2.8058940477874614,12.994615237769493,16
8,3208,3258,50,-7.853843772882584,-3.557716430221788,24.370073614011844,22
9,3274,3315,41,-5.132386338243222,-1.1532088727551297,12.663614543419179,16
10,3339,3393,54,-8.696493829485789,-4.034507701470275,24.88769255320907,24
11,3549,3751,202,-26.646078025904075,-8.362497611871817,17.423733179550805,156
12,3792,3824,32,-11.032768840576495,-6.911728444721902,32.066020293083916,41
13,3841,3894,53,-11.857928483761484,-1.4383531621715377,6.916124660647676,17
14,3920,4009,89,-11.970633058815054,-3.2240328362335333,15.073709988854011,26
15,4021,4119,98,-13.661110450246753,-6.051006340660663,23.890307750259712,12
16,4133,4190,57,-7.9242147692439175,-3.95183345187273,26.50559209065029,14
17,4216,4290,74,-10.498109902789452,-3.0239992453450526,16.0691400500897,26
18,4308,4402,94,-15.160476398007276,-4.655652306294513,17.071273196763244,18
19,4420,4491,71,-11.65872942552646,-4.65007269116046,21.744536191227013,18
20,4511,4573,62,-9.984292735843141,-1.5677599328300431,8.923867634362944,20
21,4592,4663,71,-11.799107436521268,-1.823129087902899,8.783547081091568,19
22,4680,4753,73,-10.217940861561274,-1.8479974093283147,10.251589337976313,17
23,4775,4842,67,-11.123797716460757,-3.48210989866638,17.381814556133822,22
24,4860,4908,48,-8.052983155381384,-2.8070930649809895,19.2174328202475,18
25,4927,4977,50,-8.064021583014465,-5.075612506382612,32.18690829586938,19
26,4991,5018,27,-3.7551254127533014,-1.0728478118717248,15.944758805494576,14
27,5033,5095,62,-10.712960333983162,-6.271459384122096,30.34507407645246,15
28,5112,5183,71,-12.662587333820099,-2.714611071083894,12.099946201014802,17
29,5199,5258,59,-10.321064181133522,-2.666604459338245,14.486448519091862,16
30,5375,5413,38,-8.312011878276707,-5.754835834799437,34.696859306527855,117
31,5431,5476,45,-10.198292655156976,-4.64974499427754,24.509839493347386,18
32,5495,5569,74,-12.082913427599763,-3.612543313180666,16.645586218530813,19
33,5588,5676,88,-15.156787626499181,-2.9563974197850342,11.037209147950218,19
34,5694,5772,78,-14.556181941681771,-1.8751753995576195,7.340602725647566,18
35,5787,5873,86,-13.28236002898565,-3.679391985446898,15.483445685894091,15
36,5887,5927,40,-7.9595485247100015,1.9688543871081379,-13.893659594675007,14
37,5954,6000,46,-6.28850077580659,-2.0511072556100203,18.06466515752471,27
38,6025,6084,59,-8.017996639518287,-4.156605832501938,27.402653604813775,25
39,6103,6153,50,-5.4161409237336,-3.9142824374190894,35.8558993589968,19
40,6172,6209,37,-5.910199426526958,-3.2532423432232775,28.830384698404032,19
41,6227,6290,63,-8.361264064430117,-6.054938097812467,35.910755354508254,18
42,6309,6380,71,-8.820127731411809,-1.2878157300825706,8.306985455550214,19
43,6397,6441,44,-7.575817459918177,-3.9946670193371148,27.802317355477797,17
44,6464,6533,69,-10.35206779868976,-1.6684308409670336,9.155563402474057,23
45,6553,6624,71,-10.064986605121973,-0.26205950055535254,1.4914586976627455,20
46,6641,6707,66,-10.638506188482111,-0.2106620598125204,1.1344139374636641,17
47,6732,6786,54,-7.961420672746826,-3.562826282278735,24.10905871847155,25
48,6802,6914,112,-31.33342496273943,5.9642442774210735,-10.777191550583916,16
49,7188,7366,178,-18.927216048268505,-10.105089711211136,28.0974029775167,274
50,7384,7647,263,-24.666876491817654,-11.311322104370817,24.63444838297638,18
51,7665,7702,37,-3.2210617132343558,0.36153073856519313,-6.404054011534118,18
52,7718,7800,82,-7.716938827669118,-1.5918735881979273,11.655656293462473,16
53,7819,7884,65,-7.080020528340299,-1.755104668449718,13.922697032767825,19
54,7905,7962,57,-5.674952087767295,-0.5227208511142152,5.262674672089954,21
55,7982,8038,56,-8.155421037851411,-2.815745505006589,19.04777604831608,20
56,8054,8084,30,-5.218124697677581,-1.132808669807332,12.248350964666637,16
57,8099,8139,40,-6.86718119190634,0.026333770675719848,-0.21971264198703205,15
58,8152,8180,28,-4.990697461366352,1.675024515963031,-18.55326371709754,13
59,8190,8223,33,-5.029950366668757,-2.8312093000894407,29.37386485830044,10
60,8240,8326,86,-11.952666087603944,-6.692829050624141,29.246403378570133,17
61,8344,8413,69,-11.898475865811875,1.3563484379739066,-6.50327218483222,18
62,8429,8497,68,-10.29590058496521,-4.8771862018226955,25.346997060888707,16
63,8513,8576,63,-10.411816461659441,-2.5660150664903796,13.844767632620181,16
64,8603,8688,85,-16.517762870187667,-1.5235011276107286,5.269715490078732,27
65,8700,8887,187,-24.323995017324123,-10.318257493636409,22.986694342858012,12
66,8911,8942,31,-6.449276937220304,-0.32793464926012916,2.9108849096263505,24
67,8960,9055,95,-15.27269589979673,-3.2410926155167346,11.981265481676534,18
68,9076,9135,59,-11.085847674674241,-0.017095351823641636,0.08835505963183647,21
69,9151,9226,75,-13.111438175521187,-1.4055431085582342,6.1187271964351995,16
70,9244,9311,67,-11.283631664533559,-4.395862186757427,21.28482708192958,18
71,9364,9420,56,-10.313826975798136,-3.6457100443277284,19.467376549839685,53
72,9627,9714,87,-12.36321301909144,-2.7557664481212782,12.56583639139367,207
73,9729,9850,121,-16.675854252950643,-5.318876574500621,17.690434610656055,15
74,9867,10025,158,-19.54486915595823,-4.711089247604235,13.552045601914472,17
75,10048,10248,200,-20.757532756043474,-6.284757178016946,16.844735304491007,23
76,10294,10363,69,-13.743079067455703,-6.613035038823753,25.696404128901936,46
77,10376,10466,90,-10.789360057915772,-1.7554979123070495,9.241407364815663,13
78,10477,10545,68,-7.632591766510956,-4.329887116871831,29.565775300797032,11
79,10560,10612,52,-4.482874949334644,-1.7833516480437908,21.693368860441964,15
80,10632,10702,70,-8.597753298361873,-4.470305970719608,27.471673699592348,20
81,10722,10778,56,-7.345365777923895,-2.3599422937847976,17.811337059655546,20
82,10796,10890,94,-13.168344257500976,-5.015533203788237,20.85073853399825,18
83,10913,10987,74,-10.021652160314424,-2.8535891752166407,15.8938997857917,23
84,11010,11077,67,-9.358045086962044,-1.2336318182999122,7.5097603384786344,23
85,11099,11189,90,-12.290025430609731,-5.164550363936357,22.79326199945171,22
86,11219,11286,67,-11.233431769488782,-2.568483843172814,12.87908429228505,30
87,11304,11418,114,-16.38072278734876,-4.441731747137979,15.171292250990142,18
88,11442,11493,51,-9.44967459265122,0.0282533911755678,-0.17130698329936694,24
89,11681,11755,74,-8.169846819293284,-5.081174898988877,31.879236318848854,188
90,11773,11867,94,-9.823942688517278,-4.664609413716022,25.399326384477682,18
91,11890,12009,119,-14.331179603365896,-4.028311589043071,15.699995099581745,23
92,12034,12179,145,-14.253057987840123,-7.75823744118216,28.560376692788036,25
93,12201,12355,154,-12.657463682787181,-2.5354641207535025,11.327217032465992,22
94,12379,12573,194,-12.309738172940293,-3.284079574243833,14.937860173118183,24
95,12602,12896,294,-12.86917099164598,-2.579757569598428,11.335287800571788,29
96,12957,13264,307,-9.314164441792599,-1.3732906643756166,8.387324202941846,61
97,13293,13696,403,-9.175965241351271,-0.7003392623844604,4.3645369952898205,29
98,13730,13969,239,-7.520158670028472,-2.0270938850522526,15.08579059885536,34
99,14794,15146,352,-6.418350587107241,-2.8208280544011046,23.725211783721107,825
100,15187,15736,549,-8.315036217508876,-0.6009545163221048,4.133763528517563,41
101,15782,16412,630,-7.474078662925486,-0.27729802991837005,2.124773304062003,46
102,17351,17983,632,-6.1220230974637175,-2.82838088782502,24.796985033909632,939
103,18036,18914,878,-7.924815472236297,-1.3145004627022558,9.417984160347983,53
104,18951,20091,1140,-6.3916894480991004,-0.7177997003829972,6.4075854043014715,37
105,20140,20845,705,-3.700508284230139,-2.5630296194940314,34.70707614852254,49
106,20882,21810,928,-4.97830372906671,-2.847016004073467,29.764580960776392,37
107,21878,22148,270,-2.727046678039784,-0.7294310160865507,14.974926304474806,68
108,22569,22637,68,-1.787261916105905,-2.54120363909621,54.880775951940194,421
109,22658,22796,138,-4.2312617842214735,-3.9990829582495024,43.38410904148098,21
110,22820,22954,134,-3.910069930777297,-2.0553187737326652,27.72855139657859,24
111,26820,27135,315,-3.4657008505906433,0.9926549950620114,-15.982908580618796,3866
112,27178,28559,1381,-6.706787548525611,-2.0006955233178445,16.610319035514667,43
113,28622,29519,897,-3.6902580746443405,-1.25199458619376,18.740543177876575,63
114,29633,30153,520,-1.297882508465392,-0.2982211597494171,12.940528714374736,114
115,31994,33270,1276,-5.299006367281322,1.254720302958404,-13.321382746728776,1841
116,33394,34351,957,-5.9865502837040125,-1.8937832531546945,17.55422841124909,124
117,36588,36738,150,-3.4961164217460947,-2.4064068259899187,34.539968911252124,2237
118,36777,37174,397,-6.37197096640665,-0.3041389950197839,2.7326969303124113,39
119,37239,37861,622,-7.551275164212797,-1.0078849882744123,7.602458331804006,65
120,39210,39809,599,-2.728273253231464,-1.9951668150771837,36.17773899948256,1349
121,40985,41757,772,-3.02591556250335,-2.7979032829975807,42.757919222448976,1176
122,41814,42343,529,-2.5046265952541376,-2.0994355812462686,39.97051220297748,57
123,44393,45580,1187,-2.868178104714893,-1.6209830005465165,29.473449251369036,2050
124,48566,49111,545,-2.0472635460083595,-2.6246202673769545,52.044958343036825,2986
125,49654,50409,755,-4.473743500740426,-2.950287318569181,33.403543511868854,543
126,52260,53894,1634,-3.0312312745502226,-2.321615509249355,37.448449861036835,1851
127,55902,57258,1356,-4.888565926481846,-2.66128224568142,28.56339294338856,2008
128,58438,58738,300,-5.398994761048485,-5.770067525382046,46.90285320530307,1180
129,58820,59672,852,-3.810851705241774,-3.8458120301024508,45.26161069808387,82
130,61047,61985,938,-3.63223045581519,-2.991492864459971,39.474755639182035,1375
131,62893,63138,245,-1.810247792355085,-1.5853986329813097,41.21158197913831,908
132,64917,65878,961,-3.491848415537305,-1.930441067585292,28.93566828052561,1779
133,65942,66418,476,-1.7229516415606554,-2.112496016302842,50.799317020224095,64
134,70083,71549,1466,-3.644571098058819,-1.7232766277916198,25.30637005238142,3665
135,71605,72470,865,-2.297255975259702,-1.9803390352639667,40.7628318960445,56
136,73079,74012,933,-5.3838238994211665,-2.462815462135424,24.58159561954433,609
137,74073,75130,1057,-5.437569009625108,-2.6460209739356344,25.948405480665365,61
138,75206,75919,713,-2.4423977037886218,-1.4487007293344334,30.674169261968164,76
139,76036,76345,309,-2.157168332427048,-1.8996222523122128,41.36744207754828,117
140,78700,79983,1283,-7.032441977977655,-4.131211214511396,30.43212522818049,2355
141,81414,81971,557,-4.625152440323085,-1.384758654045001,16.667563794020925,1431
142,82044,82855,811,-4.6822457176730765,-2.3876199262615927,27.018421646311918,73
143,83254,84651,1397,-9.488116931745147,-4.998230002528572,27.77974148612021,399
144,84722,85120,398,-2.5810652074006413,-0.6068541360995852,13.230942248416952,71
145,85179,86410,1231,-3.1681099043393175,-1.5078789008458813,25.452363102713033,59
146,87303,88260,957,-5.873209381130309,-2.162560922029442,20.214095458551434,893
147,88374,88822,448,-3.16214973205291,-1.632349724107229,27.30347013644241,114
148,89680,90569,889,-3.4517941436208517,-4.179953669306883,50.45020038673307,858
149,95105,95900,795,-3.0728155585453436,-2.672747189271547,41.016875685496025,4536
150,98751,99449,698,-9.471601674289111,-5.879972109617512,31.83201815787341,2851
151,109216,110234,1018,-5.194975460075732,-3.6377212521189506,35.00118611113629,9767
152,115678,116934,1256,-4.745079557658286,-4.991958589365794,46.452402303685844,5444
153,117024,117534,510,-2.674283370834651,-1.8427619292575912,34.56946668711906,90
154,119779,119857,78,-1.6247559678769932,-1.7637366810732118,47.348698466620014,2245
155,119885,120090,205,-5.505214996168661,-4.249800434293476,37.66666976789424,28
156,143275,143521,246,-6.060884941018344,-0.9893433392347362,9.270862427845547,23185
157,153612,154959,1347,-6.179070436568878,-2.53187854576133,22.281400689127917,10091
158,158763,159834,1071,-2.4963496016993645,-3.999239358752618,58.027338316699826,3804
159,184694,185811,1117,-1.3594565228781619,-4.294199749729486,72.43326937112592,24860
160,185874,187101,1227,-2.7847091206547674,-0.8232734332572136,16.469825380636426,63
161,190231,190848,617,-1.4034711308263468,-1.7404088572767193,51.117187171865226,3130
162,191849,192599,750,-1.9069748825354793,0.32563833805487263,-9.690458238311438,1001
163,193926,194970,1044,-2.9831018135018468,-2.1687532930565965,36.01763266920266,1327
164,195613,196176,563,-2.678484015844603,-2.1379350483282025,38.59646374195267,643
165,198221,198517,296,-5.181841387280784,-2.749713509562824,27.95239276466097,2045
166,198637,199281,644,-2.056219819559459,-0.546062480640046,14.872534918928464,120
167,199355,200267,912,-0.6888743430257307,-3.5592371140562022,79.04609655130602,74
168,202618,203305,687,-3.027288614429125,-1.9739375916854414,33.106281584349695,2351
169,203380,204312,932,-2.4960217244281253,-3.9166375606807975,57.49117261878448,75
170,209027,210766,1739,-2.4698389423630545,-2.318967466074014,43.195491780042836,4715
171,217836,219249,1413,-4.464512126805438,-1.3660509784821926,17.01305771099232,7070
172,230900,231518,618,-4.663380923029109,-3.4999915633286776,36.88920387652905,11651
173,234612,236955,2343,-7.822710030340801,-4.602247890143275,30.469102154568315,3094
174,239070,239410,340,-4.942979366594258,-5.3879950612762,47.466540630711016,2115
175,239490,240863,1373,-4.911714151663823,-2.0041874646261704,22.197540492560908,80
176,247380,248438,1058,-7.560474053238337,-4.04408504246102,28.142252636119828,6517
177,250525,251729,1204,-7.736921705354256,-2.553686265428709,18.266243039701386,2087
