,start,end,length,delta_x,delta_y,angle,interval
0,300,410,110,-2.8777400265646804,-4.811154114254606,59.11470058933634,300
1,701,1939,1238,-6.502373296410909,-3.940400784218582,31.215621807595653,291
2,2880,3557,677,-1.5553468414722005,-3.6739901743953,67.05511807685276,941
3,3600,3727,127,-4.381647885793257,-2.850418246436192,33.04543814416858,43
4,3768,3882,114,-3.114183650403305,-1.5210192925605668,26.031655625424083,41
5,3904,4019,115,-3.2060823081599494,-1.821494782889033,29.602520287008655,22
6,4049,4187,138,-4.439563621690354,-1.8025407958398745,22.098016260201394,30
7,4339,4421,82,-4.890284996820029,-2.629392226039684,28.265883220629508,152
8,4455,4600,145,-6.074169529139965,-0.12310058403608082,1.161011147492396,34
9,5217,9593,4376,-29.680535036315675,-10.299087842536977,19.136674566943533,617
10,9683,10155,472,-7.848296132090624,-0.5632268978171595,4.104750294369413,90
11,10277,12116,1839,-9.45060853885873,-5.087142289628062,28.29301474735379,122
12,12193,12506,313,-2.4860929906073608,-3.1586606228507605,51.79471088127629,77
13,12543,12666,123,-2.892621808502284,-3.427458291049092,49.83712778656917,37
14,12693,12945,252,-6.775433658157198,-2.2843277044817256,18.631459903271715,27
15,12978,13307,329,-7.400089049293086,-5.241025609402328,35.30758293684356,33
16,16219,16475,256,1.3258977952813211,-5.016165287303792,-75.19391691968485,2912
17,16873,17149,276,0.21031463211743073,-2.221342890864179,-84.59141271918517,398
18,18320,18469,149,-2.4882518638365383,-0.8898139465744066,19.677357984771458,1171
19,18509,21557,3048,-11.581690225675004,-12.17053179639386,46.4201293490045,40
20,23193,29177,5984,-8.624680341352018,-9.238970612705614,46.96949528985125,1636
21,29266,29473,207,-0.9930555247733253,-1.2709000822111705,51.99665316992287,89
22,29530,30958,1428,-5.9943627221889955,-5.328845395678059,41.63633162024548,57
23,31011,31303,292,-0.1254286594657401,-2.72624118002048,87.36579850103642,53
24,31484,32302,818,1.7561548631703516,-2.7403491024751787,-57.34618872109271,181
25,32908,34823,1915,-2.4904451281865647,-1.5805900656802407,32.40173071979261,606
26,35085,35542,457,0.40002091120562966,-1.494859979853615,-75.0187981059776,262
27,35745,36145,400,-3.114973277404985,-2.7964941293112417,41.91618238883009,203
28,36186,38252,2066,-6.284489564888801,-5.056945633477909,38.82262018321127,41
29,42865,44564,1699,-2.878056915371687,-4.4550388519677,57.13661605608433,4613
30,44641,47294,2653,-2.3590539124715377,-5.280528674827082,65.92749778857237,77
31,47387,52384,4997,-1.8460336906906463,-8.323841746736008,77.49552291756554,93
32,52504,55733,3229,-1.9339869471801734,-6.072817246058932,72.33508177786945,120
33,55803,58041,2238,-2.012008142504058,-4.965519277854682,67.94240969068406,70
34,58115,58510,395,-0.9584612509470389,-1.659460936810575,59.99039302603487,74
35,58567,60417,1850,-4.2599450491778725,-7.058160718269093,58.88696556183647,57
36,60486,65204,4718,-1.153948267615121,-8.198752233194668,81.98842709169448,69
37,65276,68100,2824,-2.0895473040457233,-3.8825316235482177,61.71121954998929,72
38,68185,75456,7271,-5.072429099910863,-6.677115474158342,52.77701810082066,85
39,75558,78573,3015,-0.40856143877005024,-4.4589220346852585,84.76472944729109,102
40,78693,79790,1097,0.7600417306552316,-1.110297761170557,-55.60685187715373,120
41,79842,82492,2650,-2.312326987064381,-6.957987699923862,71.61696104005216,52
42,82569,88527,5958,1.5381483553783823,-3.0673759986554927,-63.368335300020966,77
43,88627,93989,5362,-2.7728051241548,-4.16061991805681,56.31890932130616,100
44,94142,98595,4453,-0.032686704606064154,-4.766447018490368,89.60709080458386,153
45,98711,101467,2756,-1.0390673590181336,-4.276796885076408,76.34430957914327,116
46,101531,102768,1237,-0.28581845792979266,-3.585749741807419,85.4426154934162,64
47,102820,105829,3009,-1.3586820170899188,-2.9824934897265507,65.50824949665427,52
48,111293,113439,2146,-0.8923907087569631,-0.6730685637492115,37.02472354845194,5464
49,113532,118478,4946,1.7909207582015654,-5.186835056493621,-70.95112830706171,93
50,119953,121152,1199,0.171184360170912,0.408731418799988,67.27515311130426,1475
51,124898,125991,1093,0.7635676882620004,-1.5051383757477765,-63.100986717818635,3746
52,126080,132567,6487,-1.2622569551537026,-2.210540894291313,60.272888263477405,89
53,132660,134279,1619,-1.6230259534323608,-0.11266466273771414,3.970898364994602,93
54,135049,135850,801,0.23925140534981892,1.694007769310673,81.9610604508945,770
55,143914,148981,5067,0.2819308602017543,-2.2285893666420122,-82.7900158843156,8064
56,149048,152069,3021,-0.59609433570634,-3.0683943216566263,79.0061375743773,67
57,152129,153108,979,-1.3838453421786596,-2.6085684086423555,62.05405287818079,60
58,157383,158096,713,-1.1634943702824074,-2.0892544917731897,60.88680599684548,4275
59,158150,164763,6613,-5.693407702928312,-7.812452297070436,53.916907386614426,54
60,164817,169421,4604,-1.3048219707287814,-5.6932843630650325,77.09153027446874,54
61,169489,169632,143,1.1767052208957551,-2.062742286846955,-60.29711222475033,68
62,169668,169832,164,1.781143983932722,-4.604670268869697,-68.85290706146098,36
63,169900,170032,132,0.9627455427981602,-3.2360293158027247,-73.4318220835023,68
64,170105,170267,162,-0.3365679451936927,-3.0115157764367098,83.62306797592566,73
65,170306,170582,276,-0.9388863464254484,-2.9207181792275634,72.17961624880259,39
66,170613,172818,2205,-1.4099065195318872,-9.150320845338513,81.24059616757881,31
67,172964,173440,476,-0.6355784440273595,-0.9471904957216566,56.13782058537101,146
68,174235,174333,98,-1.5295780820825229,0.22832473204033477,-8.490024674901758,795
69,174364,186839,12475,-13.497573683152424,-10.931051575248375,39.002389109026254,31
70,186919,187017,98,2.161331413344925,-2.4526575132960033,-48.612845173175074,80
71,187052,187374,322,-1.8581181697237952,-1.6458753690083796,41.533732986519446,35
72,187616,187740,124,0.506778172220919,-4.877650531017892,-84.06836516247654,242
73,187776,187857,81,-1.5436910188318933,-1.5829867598632035,45.72004912008898,36
74,188240,188423,183,0.5230636051295079,-3.6242883483014907,-81.78767756193447,383
75,188447,188564,117,-2.637974397577892,-1.3498201459458414,27.09828641449995,24
76,190914,195597,4683,-0.24509546314392594,-6.57110001350317,87.86391490495609,2350
77,195677,196124,447,-0.976480953005435,-3.714776169541736,75.2721861937647,80
78,196159,199759,3600,1.4807515415586465,-5.408544383546925,-74.6887526997656,35
79,199813,203648,3835,-0.790412561997357,-5.507076475976461,81.83230513559093,54
80,203706,208903,5197,-0.49311044334990584,-5.334498411588257,84.71870028577722,58
81,208981,210569,1588,-0.8528445256254003,-0.4361030249610707,27.0829835305345,78
82,210650,216048,5398,1.314614453092375,-5.951242928126291,-77.54354385571791,81
83,216156,220656,4500,3.86984651833383,-5.757088827444818,-56.09147592412074,108
84,220721,224743,4022,1.6482038509436165,-5.6304572595921485,-73.68366241067174,65
85,224819,231010,6191,-0.5774132588491057,-3.451761516866057,80.50344769442108,76
86,231092,233034,1942,0.9300959078748008,-2.388820250064157,-68.72636692829977,82
87,247532,255254,7722,-0.24958706336613545,-6.0545919326619355,87.63944564377466,14498
88,255322,261671,6349,-2.817801915046317,-2.3413734774223514,39.72393623893091,68
89,261732,265536,3804,-1.0334709206116486,-4.015631710554686,75.56745144638063,61
90,267861,268054,193,-0.6784413361964567,-1.2078738633994988,60.67784999444968,2325
