,start,end,length,delta_x,delta_y,angle,interval
0,637,731,94,-13.424149346057732,-3.480571900088293,14.535402448010219,637
1,933,1005,72,-16.001616038246098,0.029164163199780546,-0.10442580362963177,202
2,1036,1158,122,-10.347575788343306,4.6977581163043425,-24.41785906252113,31
3,1284,1442,158,-6.859881926997858,1.4171465525949998,-11.672233003827742,126
4,1470,1702,232,-7.786990819609159,-1.325792980471988,9.66237960970259,28
5,1740,1880,140,-3.8424110294605924,-0.6328558835932085,9.352807719329553,38
6,2427,2618,191,-9.215659024152956,-5.09117775388097,28.918393209035017,547
7,2649,2761,112,7.852937969571698,-4.528790764947161,-29.972056744493045,31
8,2830,3023,193,-8.337330602872271,-6.283589732752461,37.0042098013501,69
9,3200,3293,93,-5.680453304200256,-7.825353328556702,54.02396192522814,177
10,3319,3516,197,-9.332413893134913,-6.461252993828879,34.69661052838975,26
11,3685,3795,110,-7.266604300880672,-0.7570104350001543,5.947428464301603,169
12,3834,3964,130,-4.618185645283077,-1.6216401145407247,19.348329498296263,39
13,3982,4096,114,-10.592028934599028,-5.8598891660159325,28.952937297972827,18
14,4358,4442,84,-6.741025668579155,-3.648160637050836,28.421709895297624,262
15,4530,4633,103,-3.818667236353079,-4.290948706623766,48.332982176595095,88
16,4648,4784,136,-7.189283660842278,-2.9699728893716895,22.446063117154566,15
17,4813,4975,162,-10.849080723012264,-7.403527292825743,34.310040459129105,29
18,5007,5054,47,-6.254027661028047,-2.8770149014414415,24.70365650748427,32
19,5077,5176,99,-18.2012887815102,-7.348847014087454,21.98660058129973,23
20,5339,5513,174,-20.378638021262603,-5.6503127973169,15.496909584784895,163
21,5755,6492,737,-32.57352011917604,-10.625958278615798,18.06708290901955,242
22,6543,8864,2321,-16.757913480685502,-10.08427344788987,31.03792533786714,51
23,8929,9037,108,-2.1049336730070394,-2.6869224997871584,51.924869691961554,65
24,9073,9172,99,-4.151893705803786,-1.5134544623948898,20.027884770911445,36
25,9188,9306,118,-5.795416109960186,-7.178354214242717,51.08446400018063,16
26,9355,9484,129,-9.711935019090802,-1.8650102236690742,10.870338660361298,49
27,9506,9630,124,-16.469671696595555,-6.576104459097309,21.7661196413767,22
28,9692,9829,137,-17.06501471789079,-5.750487554607076,18.622542860726277,62
29,9857,9948,91,-1.212074390417257,-10.493064802843776,83.41085549649988,28
30,9970,10077,107,-8.16872932485768,-5.264926114267496,32.802672580593715,22
31,10645,10737,92,0.7227125341853622,2.757388837377931,75.31312121942311,568
32,10858,11503,645,-1.7359842090919244,-11.778717407408294,81.61592681565413,121
33,12201,12354,153,-4.060467924850286,-4.5276750691369045,48.113902108546085,698
34,13815,13960,145,-3.6533914351558963,1.043153378284444,-15.935641088753446,1461
35,14114,14182,68,-0.5085148321838062,-7.949559912077973,86.33990919362526,154
36,14329,14460,131,-4.999184154540131,-3.8708974578253503,37.750827682981274,147
37,14480,14681,201,-4.417982971330943,-3.374679859704827,37.37442959036396,20
38,14727,14880,153,-2.280608052668285,-2.0985360927699332,42.619180900145004,46
39,14908,15122,214,-3.114272024890468,-3.532163913662373,48.59771239661874,28
40,15151,15324,173,-7.296263690585619,-8.6530679392678,49.862425595929246,29
41,15372,15487,115,-1.4100166099201772,-4.530717277376084,72.71319652103193,48
42,15620,15678,58,-6.070839269112739,-6.785005481122397,48.17961958370108,133
43,15714,15836,122,-4.959922201696017,-3.2203174608053757,32.9943634074698,36
44,15870,15962,92,0.7925163496438188,-3.5239041970500864,-77.3252203068442,34
45,16575,16782,207,0.8763922927574299,-3.5434501092550192,-76.1079681936768,613
46,16809,17137,328,-10.634032193827409,-10.121354353549862,43.585027337131876,27
47,17176,17332,156,-3.6273718051785266,-3.7530310878368596,45.97542791004168,39
48,17592,17781,189,-4.956748786831184,-4.711104691726433,43.544522588405584,260
49,17818,17982,164,-6.358810002021073,-5.075177326997419,38.59452920584443,37
50,18034,18088,54,-5.155211654695975,-4.5008193397638365,41.12297489701976,52
51,18146,18219,73,-6.623266746379244,-6.7364185436795765,45.485263333196954,58
52,18255,18309,54,-5.55802072688445,-8.475898753803023,56.7453765931956,36
53,19419,19736,317,-6.341189445223108,-2.9825831492622967,25.18998223537539,1110
54,20554,20877,323,-1.361412984806364,-6.109053309261924,77.4368270786261,818
55,20994,21099,105,-3.728678552509976,-5.985021808417571,58.07702506120011,117
56,21126,21412,286,-7.379572639319477,-7.878462116320037,46.8727235941436,27
57,21947,23971,2024,-10.593934669317903,-7.8461369656216675,36.52458749485636,535
58,24097,28182,4085,-14.079606351180047,-12.495633170523035,41.58901528472054,126
59,28249,32444,4195,-12.88570193175019,-7.645162769566085,30.680905378791078,67
60,32566,32733,167,-1.533363608677874,-2.1887350923254303,54.98604142531763,122
61,32767,38599,5832,-18.62585173062334,-17.761859815451203,43.63982129239967,34
62,38720,38837,117,-1.9602917023112525,-0.7985134642852074,22.16323999613648,121
63,38870,39073,203,-1.7419833987756874,-3.9963287675141714,66.44780938557287,33
64,39112,39172,60,-2.6461501940391656,-3.953721134445999,56.20635901713592,39
65,39356,39542,186,-4.997498282692931,-3.400881225584328,34.23594266051472,184
66,39584,40065,481,-8.312362637762106,-3.1472972686129594,20.738093168863497,42
67,45844,47180,1336,-3.36586231509618,-4.518238096518161,53.31572473903534,5779
68,47470,47632,162,-1.3588979819252387,-4.244771742719024,72.24833693419123,290
69,47674,47918,244,-2.9588291871964145,-2.650875267513385,41.85780822923373,42
70,47953,52915,4962,-22.854284199033444,-11.244827165433605,26.198234293062363,35
71,53047,57874,4827,-7.655963712091861,-6.532740856309147,40.4737237212598,132
72,57924,58088,164,0.3114287698749365,-3.233026198978962,-84.49782697687596,50
73,58135,60766,2631,-2.545792203067279,-10.474383197030477,76.33918110694367,47
74,60854,65486,4632,-4.350739286467004,-10.347156648457315,67.19437613831707,88
75,65591,65833,242,0.3507405786069029,-1.127952174760594,-72.72674006121801,105
76,65864,67297,1433,-5.770913661333623,-3.936006326768336,34.2956359120306,31
77,67375,67563,188,-0.1570171821735613,-4.757323906165624,88.10961847486664,78
78,74363,76865,2502,-1.5275184764864207,-3.4390898362066764,66.05095004696571,6800
79,76982,79661,2679,0.7078835466386835,-8.13398606731613,-85.02620156993186,117
80,79745,84844,5099,-6.137683583617132,-5.682690870239782,42.795645258688786,84
81,85004,85137,133,3.7890028932785214,-2.475988454438351,-33.16329208782532,160
82,85164,85242,78,-1.6341480188866768,-1.7540536683941639,47.02680431273468,27
83,85329,85427,98,-3.0465739601552855,-1.1528139207522088,20.726483522862935,87
84,85653,85723,70,-4.056835698472867,0.1411663736393507,-1.9929264732161438,226
85,85739,85921,182,-0.08082063238794035,-7.0167132337872715,89.34007900718737,16
86,85953,86530,577,-5.905799001075707,-3.410251824746041,30.003908492956217,32
87,90663,90911,248,-0.5497434955066751,-7.778270931817531,85.95723874500828,4133
88,90943,92328,1385,-5.512270627461874,-5.363126583060165,44.21430100713971,32
89,92398,95518,3120,-6.537711790006199,-6.153682406883178,43.26681365791746,70
90,95608,95903,295,-2.0990489004013995,-5.3425095363598984,68.55035105370801,90
91,95948,98969,3021,-9.968239312430669,-7.686872584518483,37.63712587799238,45
92,99058,99612,554,-2.576797751318722,-4.147983714134398,58.150749451533684,89
93,99656,99763,107,-3.923591864060569,-1.442544104680195,20.18640885354285,44
94,99783,102465,2682,-10.784889648366686,-10.03459837859171,42.936071847706856,20
95,102528,102637,109,-0.009645581360075539,-2.1862390208994498,89.74721541798596,63
96,102667,104876,2209,-8.488811884160683,-8.161865199258045,43.8751053112119,30
97,104977,109199,4222,-9.916671438526592,-8.961190056365524,42.10251214633577,101
98,109362,111346,1984,-2.498660387317301,-5.666225698975438,66.20374944661616,163
99,111443,112691,1248,-0.5195443836107074,-6.740913177204021,85.59273856307826,97
100,112808,114381,1573,-3.3654323570039253,-4.780759889957579,54.8562383204131,117
101,114476,116064,1588,-3.398326698904185,-3.6053375870596085,46.693027744689246,95
102,116432,118361,1929,-4.412847435615959,-5.952105978746857,53.44703521126102,368
103,118440,120184,1744,-2.9256175830787896,-4.884202182428368,59.07855986170707,79
104,120277,125159,4882,-4.54484647105528,-7.063382942827047,57.241245650332104,93
105,125215,125380,165,-2.290132162693368,-2.044421699893263,41.75557795058806,56
106,125408,125651,243,-4.167664543420997,0.025224235435644005,-0.3467708521829066,28
107,125762,125864,102,-1.4278678982825994,-0.5892096861798848,22.423491652693837,111
108,126152,126430,278,-0.6683519770827786,-2.440703969644858,74.68578434304378,288
109,129329,129653,324,-7.0963989435642105,-5.09703497647061,35.68804471829214,2899
110,129715,129774,59,-0.6056832518522697,-6.719100173196409,84.84907928100604,62
111,129798,130143,345,-5.349612999857115,0.07381053453875097,-0.790480318332485,24
112,133090,133304,214,-5.1909109757136775,-6.931253745773745,53.169956525795314,2947
113,133356,133600,244,-4.47885221854564,-2.0573163385903683,24.671215243908915,52
114,135452,135634,182,-1.219988656583638,-8.388943641397532,81.72558750814365,1852
115,136758,137011,253,0.6853365321431966,-6.894768778883758,-84.3234746502032,1124
116,138010,138188,178,-0.9583373739228449,-0.42210693039737635,23.771454260220093,999
117,139063,139353,290,-1.21806562089931,-3.7174295006052773,71.85792328806575,875
118,139741,139951,210,-1.4874975159219446,-3.540539464202851,67.21111622373134,388
119,141269,141379,110,3.6166598301270767,-6.711870468785378,-61.68220145953375,1318
120,141431,141796,365,-1.3783242395732742,-4.662284647149818,73.53059266288578,52
121,141851,142044,193,-1.6496188779701555,-7.310286118084946,77.28377983620491,55
122,142106,142212,106,-3.645941548710084,-1.8129142485698821,26.438481518272642,62
123,149306,155751,6445,-9.09702884278127,-8.831950078534987,44.152947416613785,7094
124,155830,161724,5894,-4.294616383936827,-8.128937961207498,62.151963709685084,79
125,161792,165313,3521,-2.6511259243084737,-9.586059182937504,74.54065478343321,68
126,165423,165588,165,-1.0330231686750295,-2.698834774860501,69.05483507647803,110
127,165627,165739,112,-0.16430190955540525,-3.625108640351584,87.40494178338737,39
128,165765,168986,3221,-6.785114773441862,-9.830197869589256,55.385329520855926,26
129,169081,170208,1127,-2.1661433874515694,-4.3793587026062255,63.681817515561164,95
130,170424,170531,107,2.9460021432248737,-5.617063318492825,-62.324170231783626,216
131,170562,170749,187,-0.4516392512432219,-4.174093502347205,83.82458909092922,31
132,170780,171343,563,-0.45096430240643315,-4.45938201706889,84.22547621184906,31
133,171410,172610,1200,-0.8301663973891635,-0.7810470606741546,43.25382584405367,67
134,177401,177972,571,-1.3922439520250975,-1.5711392994952007,48.45467431560313,4791
135,178000,179141,1141,-0.04198813561444581,-5.580108128240454,89.56887975960375,28
136,179181,180469,1288,-1.5255739777243207,-7.073210551951661,77.82870011990354,40
137,180544,180666,122,-1.3912242477554173,-1.4118416373254945,45.42142002839282,75
138,181867,182015,148,-1.8990675444868828,-1.2422048870540152,33.18922318331755,1201
139,182050,182203,153,-4.259849267319254,-1.0668707008166223,14.060399156563053,35
140,182426,182605,179,-3.1396696603642056,-0.260576709065532,4.744386609695611,223
141,182642,182797,155,-5.50285349862915,-4.27833706080537,37.86421217194797,37
142,182848,182960,112,-4.756532378864549,0.9223264287369091,-10.973883874476527,51
143,183082,183161,79,-3.8511440157815144,-3.155879557509593,39.333435181840485,122
144,183190,183493,303,-9.38655023021036,-6.46933837420147,34.57514093823095,29
145,184772,185061,289,-1.9551399194874506,-4.769290538333365,67.70913953119286,1279
146,185707,185941,234,-11.678539137142636,-0.9082983871992667,4.447226680436473,646
147,186732,187129,397,-2.2984608632668397,-3.9628702996633933,59.88630915609207,791
148,187160,187475,315,-5.120665234275279,-4.823415350413285,43.28781618349296,31
149,187654,188298,644,1.8240661447592004,-8.376439041711905,-77.7149729400087,179
150,188358,188670,312,-9.008902157613491,0.5116926625889278,-3.2508249241939353,60
151,189036,189355,319,-0.8079321946606086,-3.90816760325626,78.31982843065853,366
152,189385,189565,180,0.20348949337868305,-5.893093047164513,-88.02235285820093,30
153,189763,189843,80,-1.9232307083936746,0.6716247834649209,-19.250067801419558,198
154,189861,196115,6254,-4.575676997481835,-21.21466441998271,77.82863195164155,18
155,196209,199938,3729,-6.739980584483575,-11.688707536938551,60.03125097656597,94
156,200024,203103,3079,-3.526701543894376,-7.053992711338026,63.43686453262111,86
157,203203,205967,2764,-2.870886413382223,-8.850199083148794,72.02762930254296,100
158,206043,207883,1840,-2.1814773103699423,-4.514227139887453,64.2080802896436,76
159,207940,208033,93,-1.2340463781351758,-3.1707327950780666,68.734056779185,57
160,208059,210246,2187,-1.3269995873909437,-9.895229582167957,82.3619210708585,26
161,210350,210825,475,-0.17043318082328085,-5.433595605846506,88.20341776477278,104
162,210918,211008,90,1.4150835230400816,-0.5607927206760905,-21.618252111514376,93
163,211044,211112,68,-0.783078177666269,-3.8770589734782845,78.58117156831634,36
164,211133,211242,109,-0.0009922051930004727,-1.7497628770272229,89.96751036119062,21
165,211271,211513,242,-2.5465167185214455,-7.26405242255646,70.68116043636643,29
166,211595,211916,321,-4.2534390105809905,-1.9104349322200562,24.187263695411495,82
167,211968,212248,280,-3.1760227178174034,-3.516329483909715,47.910988724938484,52
168,216535,217436,901,-4.541599658202642,-5.659298976792655,51.252881758808805,4287
169,217554,217695,141,-2.2863972339856247,-4.262415798891823,61.79050074215763,118
170,217753,218710,957,-6.669136820905933,-3.6489513196452776,28.684831724804493,58
171,218767,225069,6302,-13.066124741190734,-12.19489416486985,43.024701343924534,57
172,225143,227765,2622,-7.467413036017405,-11.369713175450215,56.70384641010783,74
173,227832,228054,222,0.14829199245750146,-6.709890782535609,-88.73394028888907,67
174,228114,230119,2005,-3.897829171134717,-4.596940436483891,49.70478393170052,60
175,230180,232356,2176,-4.352760615476129,-5.684431860451042,52.55750489411822,61
176,232436,233725,1289,-3.769474973432281,-4.174253689051994,47.91702694659376,80
177,233825,237306,3481,-4.066172718710391,-7.07666359419909,60.11880074109756,100
178,237357,239872,2515,-5.351067013973676,-6.4621253584859915,50.372996244056196,51
179,239929,240083,154,-0.6450764235041646,-0.6587295559350537,45.59996524468277,57
180,240113,240262,149,0.4726010721618792,-1.503055400853782,-72.54544896700584,30
181,240305,240395,90,-1.49735665132404,-3.042515959435832,63.79616141080682,43
182,240425,240658,233,-3.82121572829449,-2.7939661042771036,36.173227524928784,30
183,240754,240851,97,-1.4046312687587204,-0.3818933572455876,15.210008521421656,96
184,241034,241227,193,-3.6444579150907117,-1.434634773965655,21.486996538660552,183
185,241564,241924,360,5.207712639840736,-4.667512574116728,-41.86889503397369,337
186,242146,242813,667,3.265616635734574,-0.8069275785130969,-13.879649256063196,222
187,243724,244103,379,-0.9432859496141788,-3.4742456238574846,74.80991697674297,911
188,244735,245195,460,-16.635505096856505,-4.961533033585795,16.607191227924755,632
189,245294,245481,187,-1.8040819525766238,-2.0579277519291566,48.76058140286879,99
190,246050,246714,664,-1.7900858717182189,1.1769978776994776,-33.32528662603886,569
191,246745,246883,138,2.680218138721372,-6.882758182243265,-68.7235402136885,31
192,247110,247305,195,-0.9282544151752461,-6.800320984535659,82.22707601007286,227
193,247487,247627,140,-1.9377721545593403,-1.384656253135688,35.54811748196201,182
194,247820,248196,376,3.9633546227444043,-1.6311088216714325,-22.36949508168252,193
195,248242,248533,291,-2.5397202735127706,-5.025021541959518,63.18729048267562,46
196,248944,249196,252,1.3447920241554527,-2.2410152747598033,-59.03280598677862,411
197,249229,249389,160,-3.277900753793759,-3.552320477348303,47.300751246926204,33
198,249459,249557,98,-3.111514776414822,-2.3636483840228095,37.22195910973352,70
199,249591,249866,275,-8.352585799337334,-8.763967311722865,46.376789324679066,34
200,249896,251545,1649,-18.460203411579727,-8.03976210969131,23.534021588720627,30
201,251598,251691,93,-0.3863171033746795,-2.6234523337722067,81.62309857237375,53
202,251731,253705,1974,-15.150482366477561,-12.7738584700557,40.1353139378061,40
203,253764,253879,115,-1.7577348179990793,-6.123854532787362,73.98489096039147,59
204,253915,261359,7444,-21.40712930484203,-13.24142201400656,31.73894476060963,36
205,261460,263045,1585,-1.6876912701875142,-7.069808173220167,76.57373345495,101
206,263157,266472,3315,-6.671066410361249,-8.692517349672357,52.49558915352867,112
207,266547,266640,93,-0.049054903014024376,-1.1059189713192268,87.46021378825849,75
208,266669,269282,2613,-6.774829218409565,-7.111944368800749,46.39063852602516,29
209,269326,270527,1201,-0.6004837024673719,-5.163206409069971,83.3662715468292,44
