,start,end,length,delta_x,delta_y,angle,interval
0,249,295,46,-0.6805010578891455,-1.6431823992325434,67.50379115533218,249
1,312,358,46,-1.6551431401317416,-0.7973908738312332,25.72316317049464,17
2,376,445,69,-4.856820214323861,-1.6633246238862398,18.90489291697723,18
3,493,521,28,-2.29582561009002,-1.5950834728148067,34.790627633281105,48
4,540,598,58,-6.081946227597186,-3.2471500703274643,28.097751055868585,19
5,612,689,77,-8.127939826116176,-4.87085034385089,30.93309519902262,14
6,708,781,73,-6.750646438926822,-2.3645753547168766,19.304026454330593,19
7,803,854,51,-6.575397299743486,-2.8797020074056405,23.651064476391863,22
8,872,934,62,-8.288139196694658,-2.5629557202277624,17.1832687698727,18
9,953,1057,104,-13.782463732157751,-6.090520971013845,23.840810084335544,19
10,1076,1224,148,-17.876359140894806,-6.308319728479674,19.43723172619481,19
11,1241,1341,100,-12.854552153609873,-3.213335412768373,14.034973932392601,17
12,1361,1403,42,-6.458699598170199,-0.8144612158991151,7.187231290122223,20
13,1415,1544,129,-14.601820222942862,-1.7491354100401395,6.830847459038422,12
14,1560,1593,33,-2.7786967614781304,-0.6956024500299236,14.054256543311894,16
15,1603,1665,62,-7.891138371279624,-1.5408495567107394,11.048740496300784,10
16,1678,1705,27,-3.672960392986539,-0.5514322741193212,8.53821371632338,13
17,1721,1765,44,-6.54909169621024,-3.126445055186764,25.519158770991655,16
18,1780,1810,30,-4.710632062338007,-0.43301272111644096,5.252007478414646,15
19,1829,1874,45,-7.695770238536639,-1.256253162714657,9.271157784803222,19
20,1890,1995,105,-13.498197710454122,-6.44540334636342,25.524523539654172,16
21,2014,2079,65,-7.607109517314541,-1.8356287792885126,13.566377017645607,19
22,2101,2154,53,-8.15850638627144,-2.0604758665893144,14.173968217243331,22
23,2167,2207,40,-7.118194881076093,-3.6319846400165403,27.032473245860427,13
24,2225,2334,109,-14.508960712250769,-6.473677558108037,24.045701778597238,18
25,2355,2433,78,-11.555260080686978,-1.691844312711325,8.32968260345504,21
26,2453,2785,332,-31.350559726778215,-8.477006551666122,15.13061933598496,20
27,2812,3271,459,-18.378844486520165,-3.1162155091168415,9.623234338234312,27
28,3306,3356,50,-0.9155625574049395,0.4234129872184127,-24.818752666815993,35
29,4299,5363,1064,-13.673570037329597,-2.3970093902384093,9.943055005672226,943
30,5839,5946,107,-4.403752744214273,-0.17388385661624284,2.2611710667165044,476
31,5974,6109,135,-6.140202249687505,-1.3198004818331128,12.13082091118702,28
32,6255,6453,198,-7.895934051266607,-4.241594137212644,28.24411970132353,146
33,6494,6684,190,-9.939748736676478,-2.5288537095341894,14.27425198913402,41
34,6709,9823,3114,-33.705807428057796,-1.4643090514553165,2.487583360770872,25
35,9876,12360,2484,-11.496362947448304,-3.09781189928799,15.080742747641057,53
36,12425,12729,304,-3.625973221039999,-2.7918720961309447,37.59500847404767,65
37,12766,12866,100,-3.8065656722581878,-1.0026484493442922,14.756521899103664,37
38,12888,12948,60,-3.224514220464485,0.6676188177736577,-11.697512832927332,22
39,12970,13169,199,-9.018609632993318,-3.931733563841348,23.55517185020286,22
40,13195,20560,7365,-22.43477780704491,-2.390119935785407,6.08114695823582,26
41,20658,27315,6657,-11.413285096376157,-2.2991236745483263,11.389395163942686,98
42,27396,28697,1301,-4.887119719255182,0.1379248101943773,-1.6165784526461404,81
43,28750,29409,659,-1.9475248455331382,-1.3572892212743568,34.873811946417156,53
44,30692,31950,1258,-5.583026574131836,-2.658940043073045,25.466322789004135,1283
45,32022,32362,340,-2.8867444434412874,-2.1278769302178375,36.394668136216325,72
46,32416,41054,8638,-11.909058391096266,-3.43722433525609,16.099339411448156,54
47,41182,45523,4341,-2.879515653085406,-1.9071974892190724,33.51781256931081,128
48,45634,45878,244,-3.040588021458035,-0.6167109527815029,11.465549493572848,111
49,46794,47024,230,0.37883555550946824,-2.1253511626871386,-79.89339330645052,916
50,47203,47626,423,-1.9012503548654962,-0.9288595054218689,26.037910608329295,179
51,56089,67462,11373,-2.4666330293566716,-2.835157089297496,48.9761976966731,8463
52,67602,73471,5869,-4.186653230872949,-5.3362655624010245,51.883470353390585,140
53,74049,77153,3104,-4.896448043469576,1.0354450651571625,-11.940346396355027,578
54,77331,79164,1833,-3.8939606128843707,-1.2175980012847418,17.363880886054186,178
55,79340,83364,4024,-5.274165595626883,-1.2615272551529984,13.451838991800214,176
56,83431,86237,2806,-4.615173667407703,-4.09033187715616,41.54989991330906,67
57,86318,90707,4389,-3.8572377467302914,-2.560656456517492,33.57849630234045,81
58,90801,92337,1536,-1.2184784139520843,-3.5761238270050058,71.18468793302964,94
59,99123,99330,207,-2.309869261206856,-2.443678853689761,46.61241680400326,6786
60,105699,109831,4132,-4.087983010003214,-5.346171248379292,52.59643949557934,6369
61,115470,116324,854,-5.4578951380852345,-6.332797952286938,49.24373173611146,5639
62,141297,143181,1884,-2.6106675572395233,-1.3798127157939035,27.85773686941766,24973
63,156516,156929,413,-3.8019789475415138,-3.4400607035215955,42.13904480776082,13335
64,181943,182223,280,-1.9222787101580678,-4.272841865784599,65.77783195851617,25014
65,198760,199642,882,-3.0554591720166115,-6.364250722904984,64.35446644673732,16537
66,218119,219323,1204,-2.6353409074271923,-0.9653432981638304,20.11812610454752,18477
67,230247,233289,3042,-2.7003069052178716,-4.997485052898355,61.61617655468804,10924
68,241110,242184,1074,-3.5340797830454562,-4.000293475233477,48.540846908756144,7821
69,245164,245319,155,-3.7466321149756965,-4.723250760182594,51.577434913464536,2980
70,245349,248384,3035,-10.28649160835461,0.02273532729951455,-0.12663561382906147,30
71,248509,249952,1443,-3.0895851943772357,-2.0883637239868165,34.056200243551565,125
72,250027,250337,310,-2.663493094099195,-4.573742758649786,59.785860758391166,75
73,250419,256915,6496,-16.048813674766194,-14.120914841049967,41.343670079014295,82
74,256997,257766,769,-2.0967363514402138,0.7505695000267707,-19.69586286819939,82
75,258841,260527,1686,-7.365233091822759,-0.8301534812611209,6.430806914714229,1075
76,265400,267505,2105,-4.060935541974914,-5.110542276398888,51.52866822202681,4873
0,209,344,135,-1.7171369284542095,-0.5965357881820097,19.15729898349104,209
1,383,477,94,-4.259048861032596,-2.7519272002044346,32.86798041590151,39
2,503,555,52,-4.187945232354096,-3.1173994045512075,36.66305482307638,26
3,572,672,100,-8.502852281163399,-3.1825785041376093,20.520643664872814,17
4,691,813,122,-12.851015341599748,-6.223478575926251,25.839938453889747,19
5,834,910,76,-10.47349418325686,-5.800388447248693,28.9783846825107,21
6,933,994,61,-9.46820252342637,-4.64473203549538,26.13077344015386,23
7,1018,1072,54,-8.144265831147564,-3.5534464466959435,23.572253547413325,24
8,1089,1127,38,-4.722630066604765,-4.858752284973306,45.81394350652596,17
9,1140,1199,59,-8.888021625984095,-1.5363238911602792,9.806860302885747,13
10,1267,1345,78,-10.085606970731163,-5.744529020108061,29.664840881807095,68
11,1364,1393,29,-3.5429021562834038,-3.5395426835738277,44.97282243666356,19
12,1408,1444,36,-5.3255627334618225,-1.57613057188955,16.486419207089888,15
13,1460,1497,37,-6.582331531039316,-0.7722450586081919,6.691403700372767,16
14,1510,1609,99,-15.220365193536836,-5.0829089590637295,18.46697240125033,13
15,1636,1687,51,-8.351931696914761,-0.6067592353224427,4.1551794578066605,27
16,2009,2079,70,-5.688328179850544,-1.1546295461197502,11.47413522321763,322
17,2103,2148,45,-4.565604059778167,-2.2563421826881864,26.298790810693866,24
18,2169,2263,94,-11.32492488365476,-4.221744755750109,20.444623438044946,21
19,2282,2391,109,-16.297112687249026,-1.9854716210926426,6.946094319663395,19
20,2410,2461,51,-7.726726867556863,-2.612919564750328,18.68381035694638,19
21,2481,2793,312,-23.35057626036135,-8.419440331447447,19.827615654083925,20
22,2820,3133,313,-19.70552371607642,-4.898473247421634,13.959846880565054,27
23,3298,3392,94,-10.402202659807926,-5.362773414085083,27.273011080407198,165
24,3403,3440,37,-4.617441736838629,-2.6238519283486994,29.607316225614575,11
25,3457,3494,37,-5.074792004554794,-5.07958040155701,45.02701840227555,17
26,3512,3619,107,-11.226848875700426,-9.01470489163404,38.763053306242476,18
27,3642,3694,52,-7.469443425864043,1.6386635849202662,-12.373655741369726,23
28,3709,3921,212,-19.208564055704414,-6.595713950183281,18.951118912421855,15
29,3943,4061,118,-10.289084081620373,-6.288100121113203,31.430889434488076,22
30,4088,4258,170,-18.18939023826408,-6.4836809590953095,19.61881273365871,27
31,4279,4549,270,-22.85952659535188,-6.4965100167762415,15.86476144648999,21
32,4647,6350,1703,-15.926089303839547,-3.510585761161323,12.430908982029743,98
33,6411,6621,210,-7.869010666374905,-1.604011022154225,11.521272343947025,61
34,6647,6719,72,-3.7083843259896554,1.2371066178439492,-18.448554210703033,26
35,6744,6988,244,-11.269797319721576,-5.388888122871563,25.555765592845898,25
36,7286,7445,159,1.150741586829767,-4.63242347453712,-76.04951519361735,298
37,7887,10626,2739,-24.490241281727577,-6.9077090798864305,15.751618203569295,442
38,10681,12587,1906,-13.01419242223757,-4.188864848473287,17.84175665293681,55
39,12634,12938,304,-2.3668872613362737,-0.605479094421284,14.349248128288336,47
40,12967,15921,2954,-9.849523284974708,-4.148523406954425,22.840352568643958,29
41,15976,19159,3183,-8.204444222153683,-3.2514600686011477,21.618657184165745,55
42,19300,19371,71,-1.8514715259528742,-0.10585738198132333,3.2723080757000256,141
43,19398,19468,70,-4.231409757244421,-2.5115754684907046,30.691471836818728,27
44,19500,20224,724,-12.685386916104775,-3.994877182416076,17.480237332095932,32
45,20901,22854,1953,-5.8628784403343275,-2.308911436419919,21.49545011201257,677
46,22939,23022,83,0.8608370417686473,0.5511861617683991,32.631067446151576,85
47,23041,23400,359,5.698428621290503,-4.790961859071885,-40.05549162415225,19
48,23432,23754,322,-7.371344757764774,-2.39413409525784,17.99324336416278,32
49,24009,24365,356,-9.095200957027771,1.483844202676508,-9.265934479347441,255
50,40938,47948,7010,-7.832267581637453,-1.78815706209096,12.860571375421776,16573
51,58863,61059,2196,-1.3975793047045357,-4.882434948135852,74.02642246166972,10915
52,64113,70108,5995,-2.7639363585257968,2.722850953448088,-44.57097365348996,3054
53,70258,75003,4745,-5.439866467158339,-3.5810002160461494,33.35644058256474,150
54,75115,78968,3853,-0.969597909041596,-5.866088936566271,80.61451566358198,112
55,79054,79187,133,0.5855796552640271,-2.3860973986992775,-76.21137066724295,86
56,79214,83082,3868,-6.21449525796011,-3.3366391315929746,28.231899525147156,27
57,83182,83887,705,-2.4008920743999767,-3.963763398465275,58.796281319178036,100
58,83959,89862,5903,0.3371830461870928,-3.5053099779149193,-84.50550506930759,72
59,89913,94112,4199,-0.6740880176313055,-5.493820111642719,83.00481119220677,51
60,97867,103029,5162,-3.845706757708882,-1.6324629960686252,23.000723693574926,3755
61,103127,105300,2173,-4.458404503296904,-0.2314916382052843,2.9722726730031237,98
62,120213,123049,2836,-0.6026586654974011,-6.178174788928999,84.42862984602382,14913
63,129222,134363,5141,-2.384300036364138,-4.414182002164409,61.62450478129866,6173
64,134441,136683,2242,-1.6143390552578865,-1.9807802225033555,50.81991074769456,78
65,147131,147481,350,-3.7895590057476483,-1.5136336386738662,21.77285992847608,10448
66,149057,149973,916,-4.350316774447975,-4.064395296334894,43.05390921139512,1576
67,157124,160178,3054,-5.1488701549574785,-0.9289542000085618,10.227227646621715,7151
68,165119,168221,3102,1.4074753964432034,-5.112329461745176,-74.6072374452013,4941
69,168657,168822,165,-2.362741597461124,-1.9886880434214333,40.08687118958592,436
70,173148,173283,135,-0.06604880273738445,-8.313599828319497,89.54481354639722,4326
71,176743,177672,929,-9.927875369661194,-11.046930870415963,48.05396980712784,3460
72,182802,185506,2704,0.152155831095385,-2.2436840808947665,-86.12041661511078,5130
73,185574,187112,1538,-1.5309896832809926,-3.325690471938003,65.28090591404367,68
74,198382,198604,222,-2.912571828277109,-1.3155565381921122,24.307841878871812,11270
75,199280,200628,1348,-3.7713096454142203,-4.7482287591615915,51.541426320157775,676
76,200703,209572,8869,-11.129859999139228,-11.73723074705974,46.5214703420234,75
77,210094,215071,4977,-12.67967411610283,-3.2530729289146194,14.389341830196113,522
78,215182,220357,5175,-1.0610059116680475,-5.73775419348965,79.52340308662195,111
79,220423,222102,1679,-1.9418499165477385,0.9473786929054882,-26.006559364763056,66
80,240788,241063,275,-3.1090350760646572,-7.253633531657982,66.79917405635514,18686
81,241429,241895,466,-5.770107264322206,-3.6537340644430287,32.342714744230996,366
82,241934,245631,3697,-8.358233592806243,-0.20227767134844044,1.3863449591653398,39
83,245720,245891,171,-1.530196042928722,-1.8463633813556157,50.34934713806287,89
84,245935,248361,2426,-3.331058337617634,-5.373220500963711,58.203693535111356,44
85,249596,251819,2223,-11.366867336521906,-6.227917606895701,28.718377380539586,1235
86,251897,251976,79,-4.745638070003622,1.7089305904768395,-19.804229721196776,78
87,253861,261648,7787,-9.557229547500484,-2.746691695910016,16.03434048849881,1885
88,262375,263929,1554,-4.923921264559127,1.559336051570142,-17.572256249664477,727
0,871,922,51,-0.11793434885763077,1.1302716482774002,-84.04322194003875,871
1,939,1012,73,-3.19624260925265,-0.716545216325585,12.635854095737123,17
2,1035,1320,285,-11.178277518373136,-7.491631217964155,33.829815178310355,23
3,1355,1415,60,-4.413464805627726,-1.242006999917166,15.717299640852811,35
4,1437,1478,41,-3.4293343349954455,-1.7866117746376204,27.518575313615994,22
5,1498,1586,88,-5.989055761551384,-1.2465427968754028,11.757495429304592,20
6,1610,1654,44,-3.6156263718524855,-0.21072728391357032,3.3355606103815356,24
7,1676,1788,112,-8.265725325741954,-3.0213263606295016,20.078603955128614,22
8,1836,1868,32,-2.6641152104269565,-0.03157163586791967,0.6789634346457556,48
9,1885,1932,47,-2.8863854044039527,-2.3888611257725216,39.61220066280293,17
10,1958,2000,42,-2.569724490954826,-1.2524946103192605,25.984800285057716,26
11,2019,2080,61,-6.7150531081096005,-1.2255209215772709,10.342853083426052,19
12,2099,2148,49,-4.63003556644756,-1.7114370219163817,20.28622732301955,19
13,2168,2213,45,-5.083138627173966,0.08539041661654778,-0.9624074219431288,20
14,2224,2273,49,-5.128898844651232,-1.2755310515651672,13.965844491045099,11
15,2293,2548,255,-22.34199996454926,-9.341218796574424,22.6898672156267,20
16,2580,2797,217,-14.226381692295092,-1.2046928880853898,4.840270838184615,32
17,2834,2876,42,-1.6201778355938075,2.1201122910780015,-52.61314179320926,37
18,2904,4291,1387,-26.934035988682396,-6.578701308863458,13.725881663126085,28
19,4350,4414,64,-1.1128749761952577,1.5076587073680088,-53.567191969564064,59
20,4437,4677,240,-7.422305445369361,-4.082899820868462,28.814538191817604,23
21,4713,5093,380,-16.88800493505181,-5.797522275769438,18.94695219559805,36
22,5129,6209,1080,-20.826745550450838,-6.208422264647609,16.599241431624364,36
23,6261,6347,86,-2.704346870648081,1.1141199451142114,-22.390375708966364,52
24,6385,7133,748,-13.666839574429545,-4.143529606949016,16.866320062380062,38
25,7973,8072,99,-2.9121761901768934,-4.328890669877609,56.070080697618174,840
26,8115,8265,150,0.9827217507180421,-2.28707266360702,-66.74750900395223,43
27,8310,8573,263,0.37618231021744464,-4.52347122454681,-85.2460898592976,45
28,12524,13905,1381,-2.2327736971919734,-2.9975647947077846,53.31895479779176,3951
29,13961,14608,647,-5.225303747482258,-1.4350250706184653,15.35653944124344,56
30,15722,18213,2491,-2.7764396116447045,-2.106310866535509,37.18531333869333,1114
31,18292,19744,1452,-6.399231266339385,-0.7309942183747182,6.516739349367964,79
32,19918,22023,2105,-6.3965110841815545,0.11430286017582603,-1.0237416047123016,174
33,22088,23184,1096,-5.429102683300172,-0.46471946569167244,4.892469230371221,65
34,24535,24718,183,-2.78475787483373,-1.1361601079444483,22.1950872654786,1351
35,24748,28479,3731,-10.033479291898999,-3.6900868192949474,20.1923809727236,30
36,31295,31617,322,-4.1864825187705605,-2.81299138112243,33.89803767006222,2816
37,34154,37081,2927,-3.2250553007099825,-3.1349103194915244,44.18795455112011,2537
38,37151,38510,1359,-1.5310300101875782,-2.045832118307331,53.19008834062228,70
39,38555,39532,977,-9.888338760825945,0.6702975037577801,-3.877957274714284,45
40,39584,39790,206,-3.3574244378643527,-1.4680332914797702,23.61734611285059,52
41,40915,42001,1086,-2.89831737656327,-1.1607089876710575,21.824958187509488,1125
42,44945,45734,789,1.5319228174297024,-3.9807859928694427,-68.95181611099709,2944
43,49091,51006,1915,-6.1060523943480405,-2.016734150032505,18.27758589468651,3357
44,51086,52685,1599,-4.967821610638026,-1.9181087409633193,21.111904104031797,80
45,52809,52989,180,-4.469567521791831,0.11351214858554215,-1.4548094991514124,124
46,53275,53327,52,-2.0556161807621436,0.2461429938055204,-6.828184043223786,286
47,53350,53575,225,-3.729991368176684,-0.8075499493596396,12.21610129327986,23
48,53608,53837,229,-7.3808928181826445,-2.3392085689948203,17.58484503153572,33
49,58757,58841,84,-1.6486765543937878,-0.10428286361057815,3.6192779304261613,4920
50,59203,59260,57,-5.320647315274513,0.012974644067185181,-0.13971812604002945,362
51,59272,59438,166,-3.522864850891054,-2.0951431735407766,30.7410960847565,12
52,59463,59582,119,-1.9678734928601642,-0.45359914494102327,12.980089111457337,25
53,59884,60180,296,-4.054611180960336,-1.3946047482784536,18.980923664182594,302
54,60268,60306,38,-1.9704999122982372,1.1284002091671113,-29.797465966514583,88
55,60322,60484,162,-4.478105151634679,1.0459636998477322,-13.147035324343369,16
56,60522,60585,63,-1.5227485824762255,-2.389898621526143,57.49632958148542,38
57,60655,60854,199,-7.612309020882861,-0.47206327267856807,3.548547709805147,70
58,62586,62736,150,-5.36839040020719,0.7843351697374317,-8.312244418594686,1732
59,66347,66763,416,-5.1208875655481165,3.9978413509661834,-37.9789111195978,3611
60,66817,66897,80,-0.8053923892866663,-1.100927531611589,53.81236353659801,54
61,66945,68021,1076,-8.116215710106474,-6.034842566813879,36.63278558213882,48
62,68407,73073,4666,-10.204307315282975,0.7784504305832343,-4.362442407061704,386
63,73211,77052,3841,-7.83280846172525,-2.528940156318498,17.893455134249784,138
64,77142,78741,1599,-2.020359371061488,-3.2384892636300293,58.04166835394464,90
65,78815,81676,2861,-4.057859471540553,-1.6684439669180335,22.350679181047465,74
66,81735,82821,1086,-2.070063770460038,-2.4973727167860886,50.34477967280376,59
67,82897,83230,333,-1.6363817545115324,-2.0769275672342076,51.76592665200835,76
68,99781,100813,1032,-10.1180240783045,-3.846489936643934,20.8149095513839,16551
69,111664,112210,546,-3.116698917434391,2.1257147442530453,-34.29556981759005,10851
70,128499,128589,90,-1.606569371195846,-0.4144547154113525,14.465484736826498,16289
71,128630,135144,6514,-11.303559912272107,-6.583327331223046,30.217029050188813,41
72,135282,137714,2432,-1.165180469156752,-7.027851106270774,80.5862943674704,138
73,137919,144683,6764,-0.11966697063655829,-4.355659157265947,88.42625701664312,205
74,151740,152525,785,-3.3106422102261632,-5.694875772663011,59.82897700377879,7057
75,153657,155504,1847,-1.2475817679416679,-0.7711383925392425,31.72048035306886,1132
76,155556,160475,4919,-1.3460533460636555,-2.111066160295124,57.47769085464832,52
77,160594,167636,7042,-2.0782768307364137,-2.297056855691764,47.86257948842404,119
78,174481,177269,2788,-1.4823873132770444,-5.761673714697878,75.5716338429745,6845
79,177323,179554,2231,-1.9487133137124886,-3.3184768921994845,59.577213020570845,54
80,181530,182892,1362,-3.224378655740395,-1.4901049819703474,24.803409982856426,1976
81,185167,186677,1510,-0.9218894799926716,-0.8235924403829813,41.7767852665817,2275
82,189313,193748,4435,-3.5091386335557786,-3.292892962674699,43.17910391917751,2636
83,197024,201985,4961,-2.697966995322062,-1.7448846682747785,32.89238723856125,3276
84,202072,209157,7085,-4.653273066487387,-5.557899159315312,50.06271872496524,87
85,224207,224279,72,-3.1078895000916873,0.13213941476114144,-2.434601869770305,15050
86,224317,228815,4498,-13.461050121831832,-3.1974980664003567,13.362227610632793,38
87,250101,250351,250,-2.4536501619040507,-4.231529807727242,59.892722541901875,21286
88,250392,252397,2005,-5.047903144446906,-1.8414867416929042,20.04208645633494,41
89,256009,256658,649,-2.1418941051088467,-1.6014823685556792,36.78526171895894,3612
90,258242,261492,3250,-3.215824594677855,-0.5014273515298413,8.862479193041954,1584
91,264831,265175,344,-7.125375205195695,-7.697339981552531,47.20977849413574,3339
92,265237,265876,639,-6.468954364873852,0.049949372980222506,-0.4423947405495292,62