,start,end,length,delta_x,delta_y,angle,interval
0,133,932,799,-16.06532432150395,-3.5029996947267534,12.300655455051036,133
1,1066,2458,1392,-11.527151005071829,-2.5641850392032097,12.541102991187735,134
2,2510,3253,743,-9.913486121357067,-2.7375294789040936,15.437062697214998,52
3,5511,7629,2118,-11.58382545306661,-2.808596437660441,13.6288463455944,2258
4,7685,14435,6750,-10.24397316884891,-5.939651179768958,30.10597625883896,56
5,14510,17601,3091,-7.216444565028681,-4.8342999345767055,33.81815099074881,75
6,17772,17878,106,0.36571697571655193,-3.274446198064439,-83.6271492490563,171
7,17902,18000,98,-2.310581510147486,-3.020474507966142,52.58498650181311,24
8,18029,18163,134,-2.336411667775735,-3.253018163617085,54.31300000784306,29
9,18190,18418,228,-11.680721193489461,-8.662250337499515,36.56008565627185,27
10,18445,18670,225,-9.537479179161707,-2.9850762786019516,17.379273609993785,27
11,18712,19108,396,-13.03083705156483,-6.8897938682675886,27.86674957056505,42
12,19173,19535,362,-7.057996694094555,-2.8120025419209327,21.723014425666516,65
13,23722,24359,637,-2.561145055694311,-1.156391652549047,24.29982009240983,4187
14,24657,28135,3478,-5.343306706521361,-0.49104850024198754,5.2507186614003,298
15,28208,30725,2517,-5.152838056199883,-2.348677643584111,24.503627953480127,73
16,34262,36929,2667,-8.094723215356865,-3.1458154652053736,21.23739333359019,3537
17,36999,39987,2988,-4.165512722017596,-3.1716913539224834,37.28625454995124,70
18,40042,41686,1644,-5.261211835911055,-2.521920929091678,25.61036697595272,55
19,41750,43669,1919,-6.01585297362918,-1.6417405592188885,15.264456299305962,64
20,43769,47007,3238,-6.343207177405887,-1.2403869051242395,11.064327021610138,100
21,47878,50549,2671,-6.655511184348583,-1.3216754213563036,11.231879235829659,871
22,50635,55566,4931,-3.338310251893688,-4.562325757082135,53.80660365032449,86
23,55654,56891,1237,-3.6044803558816625,-0.4712092385285729,7.44796910060139,88
24,57569,61104,3535,-5.618252668013625,-3.688583724310476,33.28633027575185,678
25,61148,62861,1713,-3.295012482117656,-0.426579296193637,7.376603877769486,44
26,62980,63189,209,-1.7335981265164833,-1.439334366113144,39.70143743881417,119
27,63251,64123,872,-4.261182844428646,-1.2426722917957989,16.25806456279777,62
28,64163,65221,1058,-4.636142253479363,-2.496592683649709,28.30275227708204,40
29,65293,71485,6192,-4.2787425045872425,-2.6458226923045203,31.731177413929807,72
30,71567,71714,147,-0.8949530026697943,-3.8909250108666527,77.04667256311247,82
31,71994,76800,4806,-1.6022540920536272,-2.1092734136800715,52.77883478241662,280
32,77097,77485,388,-2.4990523298336456,-0.7942155140842857,17.630604043051463,297
33,78167,78387,220,-0.19125391442193518,-6.410281567803153,88.29105909417098,682
34,78960,81181,2221,-5.1024485232670855,-3.748219678465503,36.30071924700198,573
35,81681,82574,893,-9.853843998567726,-2.0198046433612404,11.583823964951067,500
36,82989,83849,860,-5.586749932731777,-0.6349692735402925,6.4842008625456025,415
37,86834,87195,361,-3.5730319882020893,-1.1000081460183537,17.11171830153669,2985
38,90894,91537,643,-4.535826321532255,-0.008261055670246265,0.1043521218235946,3699
39,92378,92687,309,-7.387327620489373,-2.1537543384315967,16.253893748144666,841
40,92736,95111,2375,-4.234995290666944,-5.395131224311925,51.869286964994345,49
41,97705,98576,871,-3.4795732406166167,-1.6467905194998451,25.326962927636625,2594
42,98644,100018,1374,-1.665690920999296,-1.9276575447141084,49.16966936815938,68
43,112291,116523,4232,-7.516067888355337,-1.4155783409405558,10.666157665864297,12273
44,116617,117780,1163,-5.919617975199117,-1.7720966980667185,16.66559551772599,94
45,118087,122285,4198,-2.2440925002970857,-3.8236880721321853,59.59166211885047,307
46,122765,123024,259,-7.92482183399575,2.308129401506946,-16.238367562260276,480
47,123057,123735,678,-7.355833986889351,-2.9390138065922002,21.779114322583073,33
48,126184,126686,502,-8.102855913640013,-0.7981579387857636,5.625674320739232,2449
49,126741,130898,4157,-4.968043538318554,-0.44176459590707395,5.081446953100214,55
50,130962,131123,161,0.13377386111980627,-3.132240934606031,-87.5544593465976,64
51,131156,131429,273,-3.9256571018031963,-2.452420964701318,31.993682207980886,33
52,131467,133230,1763,-4.708699683403168,-3.162905587647984,33.889861540198346,38
53,133313,133739,426,-3.1929312062571142,-3.7364798616816444,49.48514374516525,83
54,133766,137096,3330,-3.1760423483342777,0.3441138427379826,-6.183689545914808,27
55,137750,138207,457,-7.749088420712042,-2.4257190164569664,17.381832814473423,654
56,138262,139526,1264,-5.88216310250381,0.21479467346942727,-2.091299115309632,55
57,144695,145583,888,-4.208428442308488,-1.177596634901903,15.632609165915982,5169
58,145659,146839,1180,-4.637293413830889,-0.5214712604760763,6.416050654951496,76
59,146940,147268,328,-5.0375227575000565,-2.0097620142065864,21.749943306469348,101
60,147306,149813,2507,-6.18832395587161,-2.2403451871299325,19.901663277918964,38
61,149875,151684,1809,-5.786528168474504,-2.911833831759722,26.71195816991057,62
62,151736,152096,360,-4.294370000093636,-0.7375196626296514,9.744970864867602,52
63,152631,154049,1418,-7.010025425937997,0.5974455207665557,-4.871392426928137,535
64,154529,156957,2428,-6.272179130251615,-2.409100909002433,21.01143949443365,480
65,157041,159190,2149,-5.488783931515471,-3.335557981669666,31.287232922426615,84
66,159273,160793,1520,-5.68691724794499,-1.1344908499939805,11.281907633255662,83
67,163950,165538,1588,-5.637523193752756,-2.1522874487615695,20.895801558859652,3157
68,167400,168059,659,-8.38137253406613,-1.8955440416530962,12.743711728991826,1862
69,168095,170823,2728,-3.4198735907027924,-1.1416809222079536,18.46092585181618,36
70,171295,172754,1459,-3.711182270940739,-2.4870885905087903,33.8284403925652,472
71,173248,173902,654,-3.9560400392458774,0.025437506581553748,-0.36840923449414675,494
72,175548,177303,1755,-5.994620258424007,-2.1395687626237105,19.64223525460154,1646
73,179613,179793,180,-3.4162429588791525,-0.6570892710528824,10.887459304225874,2310
74,180109,180838,729,-5.435497209444492,-1.4564051866958323,14.999686255340631,316
75,180888,181204,316,-1.669284285092104,-3.571020805996838,64.94612248385131,50
76,181247,182804,1557,-3.866141903711565,-2.5516977319755654,33.42526617759874,43
77,182874,183170,296,-2.5648021519838125,-2.193293191693911,40.53544100855035,70
78,183203,184558,1355,-6.980493619226976,-3.506558714940965,26.672061314262947,33
79,184611,186089,1478,-4.024548463055851,-1.3160233195219178,18.10769293816797,53
80,186165,187390,1225,-4.492687399194509,-1.063410962914901,13.316723089558135,76
81,187442,188472,1030,-6.817164534887851,-2.3800023348242973,19.245069995780945,52
82,188989,190821,1832,-3.61049844245656,-1.642473085442262,24.461542047596797,517
83,190906,191546,640,-4.919051962416688,-1.246533140614929,14.219939385324162,85
84,191593,193079,1486,-3.7221858436944473,-3.2202942502680827,40.86511875728742,47
85,193118,195558,2440,-4.254325658382214,-1.2997810905940241,16.98895408000251,39
86,195829,198384,2555,-4.699612536943903,2.940203194397938,-32.03119786831856,271
87,200686,201049,363,-3.9294954824329125,-2.2615376073625555,29.92166406799263,2302
88,203258,204366,1108,-5.337161960257447,-1.1444049500274787,12.10222273234022,2209
89,204428,206393,1965,-1.3770913487615388,-3.517574634197402,68.62020940651364,62
90,206454,207264,810,-2.1746736630289973,-4.441906617847678,63.91450203715917,61
91,207361,210188,2827,-5.835643171535395,-3.120530588820685,28.135035908458153,97
92,210273,210509,236,-1.8088897065537282,-0.27915112511647067,8.772783055833976,85
93,211188,212847,1659,-5.7712527133896,-1.8637037210666278,17.89676253632176,679
94,212905,214384,1479,-3.0906190263263795,-1.7634688981547981,29.70854480533005,58
95,214495,216660,2165,-5.859529222805563,3.1926017689886663,-28.584038454266178,111
96,219569,220075,506,-3.108525826813306,-0.22512603825140332,4.142250080507217,2909
97,220114,223320,3206,-2.4098365168497793,-2.881046502469843,50.089377174833864,39
98,223669,224927,1258,-4.5468511339567925,-2.310477629615036,26.937352728240096,349
99,227412,228512,1100,-5.802764726029736,-3.487140715419102,31.003539504890693,2485
100,231650,232612,962,-8.956652100087226,-2.4307734400081955,15.183943510524534,3138
101,232694,234815,2121,-5.287484214614608,-3.2555910397810806,31.621290781427195,82
102,235705,236954,1249,-2.3747928391599515,-0.17698449007707495,4.262162377175023,890
103,237302,237996,694,-3.5803183782816035,-1.9457045019562287,28.521627412502465,348
104,241139,245132,3993,-3.4149232494056463,-1.7953877115153603,27.73304168185094,3143
105,245170,246524,1354,-3.8565947722466376,-0.7653359112299967,11.224438266632564,38
106,246613,247367,754,-5.377959222382799,-2.425082199607772,24.272033372106193,89
107,247978,250690,2712,-6.980223514070801,-2.0540038697537,16.397071804190162,611
108,250779,251023,244,-2.7345002203022943,-2.4158137193667244,41.459217556693005,89
109,251079,252318,1239,-3.3031492044175934,-2.4386769593613167,36.43802424936138,56
110,252390,252588,198,-2.7818340567989566,-1.9353992613038997,34.82740866143592,72
111,252613,253593,980,-2.9192277680245695,-1.2563769745430449,23.286072648066558,25
112,253638,254386,748,-3.870405664440085,-2.0437360518130845,27.835927656017816,45
113,254444,255590,1146,-3.057757932477415,-1.9344781974139664,32.31932586761629,58
114,256326,257402,1076,-5.141960362570202,-2.548190924750841,26.361542547747394,736
115,257464,260233,2769,-4.5715600471717295,-2.5626519414352202,29.273420191597367,62
116,262830,263164,334,0.5754820652657457,-4.399731833139398,-82.54805423065937,2597
117,263209,265611,2402,-2.001672521742421,-1.9202686167137983,43.81093815073041,45
118,266199,269099,2900,-4.128581228057271,-1.8740450567925961,24.414242015670176,588
