,start,end,length,delta_x,delta_y,angle,interval
0,1122,1260,138,-14.507804244831732,-9.894709212869486,34.295030242778495,138.0
1,1398,1490,92,-15.687561954966739,-6.6496274196896366,22.97106586147268,94.0
2,1584,1708,124,-14.99094806843334,-15.51080380810808,45.97642445025288,50.0
3,1758,1870,112,-15.126775322783189,-2.1447771401745115,8.069994033725315,28.0
4,1898,2010,112,-12.66208228686456,-10.321574283330648,39.18540968897002,57.0
5,2067,2204,137,-18.46875379930792,-8.383843051868368,24.415550576941847,32.0
6,2236,2332,96,-12.743996312214065,-1.1014353693845322,4.939672307602187,207.0
7,2539,2703,164,-21.33888370065452,-9.285593260212053,23.5162170653228,27.0
8,2730,2852,122,-17.144581471306253,-7.534439149924765,23.723795919240363,720.0
9,3572,3667,95,-13.962860452004321,-2.5383026341926467,10.303260523140363,21.0
10,3688,3799,111,-14.468464391442751,-10.034187519356664,34.74213031677153,259.0
11,4058,4185,127,-17.64874619758902,-8.848723689724523,26.62825865652647,21.0
12,4206,4335,129,-18.12882883184146,-7.163806812965461,21.562000951344423,20.0
13,4355,4421,66,-10.634817828492913,-7.221276789477201,34.177372966188514,230.0
14,4651,4744,93,-12.539642019423681,-6.063066152951919,25.80431960093843,30.0
15,4774,4854,80,-11.116285387163359,-0.4225020023317967,2.1766205450384803,22.0
16,4876,4989,113,-14.364495546028849,-5.881845950977237,22.26768212709608,304.0
17,5293,5371,78,-9.997011217208595,-2.7550053767107983,15.407296386107793,335.0
18,5706,5816,110,-12.068902564860664,-3.705400322897802,17.067558834779632,31.0
19,5847,5968,121,-15.236858627404729,-7.229043764194458,25.381743858851,308.0
20,6276,6434,158,-20.973501167831245,-5.34551474920778,14.298554111169622,18.0
21,6452,6566,114,-13.786908569912242,-8.151474347800303,30.593593367963443,17.0
22,6583,6709,126,-14.124592390819885,-8.548384358873435,31.182863660706342,64.0
23,6773,6924,151,-19.274420789156764,-3.3708249477788854,9.919903698514952,96.0
24,7020,7182,162,-18.288524008088558,-11.071658294996439,31.190221658509373,34.0
25,7216,7299,83,-11.544772108492523,-6.12927342119346,27.964428391945372,22.0
26,7321,7430,109,-12.525925404685722,-6.349612397558857,26.881253730853395,61.0
27,7491,7567,76,-9.226633130927823,-3.3925352025459006,20.18794010411541,23.0
28,7590,7705,115,-13.739073322438443,-2.575414916616481,10.61699098199222,21.0
29,7726,7779,53,-7.429155839235364,-0.46289984764462133,3.565407032077168,25.0
30,7804,7884,80,-9.372014968543638,-9.970191582302931,46.771363320624964,72.0
31,7956,8042,86,-13.731808382916924,2.647270517343088,-10.911832105807555,15.0
32,8057,8156,99,-13.462544816111418,-9.967303903654496,36.51524582170332,25.0
33,8181,8362,181,-24.198789138512282,-6.69318279948439,15.46099932960103,624.0
34,8986,9115,129,-15.109816934481415,-5.337162206398403,19.45448440278517,339.0
35,9454,9530,76,-8.607020346251858,-8.758826543984938,45.50084703303014,196.0
36,9726,9858,132,-13.271545460178018,-7.281995036473617,28.753238231626252,346.0
37,10204,10315,111,-14.848896547479242,-4.761832451420801,17.780315710449997,87.0
38,10402,10484,82,-12.607068218214863,-5.6685994731052745,24.210428658190004,419.0
39,10903,11114,211,-24.84240694629007,-10.475718725897437,22.86451782142504,30.0
40,11144,11374,230,-21.489641396086043,-6.378583538872661,16.53201083607958,29.0
41,11403,11625,222,-15.119635250762144,-6.461146364469101,23.13870483520487,22.0
42,11647,11902,255,-13.240337476794181,-4.577385607083727,19.071044398186693,187.0
43,12089,12670,581,-21.90308691924075,-10.98614914016585,26.637424760824928,49.0
44,12719,13509,790,-20.168742173339183,-4.06477164656809,11.394649065610958,76.0
45,13585,14415,830,-14.290582602933483,-3.408064808571339,13.413535537748778,1018.0
46,15433,15568,135,-15.044721249968887,-5.145843922066334,18.882560665050836,44.0
47,15612,15682,70,-7.1033405145596475,-4.698550788908548,33.4829023671683,33.0
48,15715,15828,113,-11.782432358314097,-0.17056584660107887,0.8293720908283707,54.0
49,15882,16112,230,-23.893770696679738,-7.669345710996296,17.79542435226977,30.0
50,16142,16228,86,-8.803339952746185,2.702148790633501,-17.06365157977506,515.0
51,16743,16848,105,-13.667077393020719,-4.389802346142872,17.806779213927772,172.0
52,17020,17152,132,-14.979955804621994,-9.609342798065057,32.67936199779268,115.0
53,17267,17359,92,-10.58302743510302,-1.953477818919609,10.45827633689378,32.0
54,17391,17488,97,-12.7725080632774,-10.733433248775668,40.042162195475036,81.0
55,17569,17696,127,-10.948421383397942,-9.448954008353851,40.79559190775082,24.0
56,17720,17804,84,-5.593254053384996,-1.5106842355454972,15.114402723183817,27.0
57,17831,17998,167,-13.171053450543724,-8.378333073784773,32.46113945991424,369.0
58,18367,18492,125,-8.619365014496367,-0.8306966274017071,5.504914460979248,1560.0
59,20052,20803,751,-16.180860505933012,-3.3932081662021574,11.843592572303326,122.0
60,20925,21801,876,-5.253400109710981,-3.8433072994030653,36.18863249241081,85.0
61,21886,23466,1580,-3.4208302397966435,-8.897828373829597,68.97040687136123,5830.0
62,29296,29369,73,-3.6517475334781153,2.325429673881061,-32.488948944183576,39.0
63,29408,30983,1575,-10.322876055775922,-6.902477467823729,33.76899840275088,75.0
64,31058,32360,1302,-0.9444724273351284,-4.763420445345105,78.78507221278096,72.0
65,32432,35503,3071,0.5037764613308156,-7.323651661589153,-86.064959232858,130.0
66,35633,37559,1926,-0.102721361281354,-5.811190451809679,88.98731806488541,7072.0
67,44631,44958,327,-1.8451891602998955,-4.325206321389814,66.89627545251292,54.0
68,45012,45281,269,4.883425251381837,-6.912576020390361,-54.76050666134627,220.0
69,45501,46236,735,3.0582492685393277,-8.891200523206479,-71.01864825858989,461.0
70,46697,47598,901,2.4652041509149427,-2.924114891612561,-49.86710344395271,356.0
71,47954,48587,633,2.2255319480708238,-4.484477751361524,-63.60596756801889,80.0
72,48667,49666,999,2.624857263747572,-6.144066609127762,-66.86694320181387,2625.0
73,52291,53326,1035,-1.66848432116781,-4.209902849874268,68.38040300052236,1500.0
74,54826,56083,1257,-2.2020495817477297,-7.922463410403921,74.46672276579338,1909.0
75,57992,59786,1794,6.727288261289715,-6.650555785129583,-44.67136716439723,
