,start,end,length,delta_x,delta_y,angle,interval
0,305,507,202,-9.757321659457261,-6.724150383734553,34.57223980558033,305
1,541,758,217,-18.105051896268776,-6.491091053069937,19.723962396250666,34
2,785,1024,239,-27.036565669591198,-17.362747710003404,32.70837460595148,27
3,1051,1117,66,-6.502409336416335,-4.945302789216612,37.25421966447854,27
4,1154,1254,100,-11.514802734647702,-4.919733646870213,23.13473991361425,37
5,1278,1388,110,-16.759284951850063,-3.045199793962638,10.298416523127488,24
6,1438,1633,195,-36.687117928085215,-11.441561536986939,17.321062750270297,50
7,1689,1878,189,-30.83164275922293,-10.778493599343363,19.26921461717337,56
8,1924,2102,178,-22.096334515755657,-8.693487847992543,21.476449762069638,46
9,2149,2225,76,-20.5922061515991,-8.289088350301355,21.92652209386901,47
10,2257,2476,219,-28.153955873026447,-13.731377332035592,25.999631010935342,32
11,2531,2622,91,-16.829530820580132,-5.039041527908097,16.66857489719857,55
12,2652,2813,161,-18.68602177929762,-9.36920894747719,26.62927870354729,30
13,2846,3046,200,-23.556234115836148,-7.284594434593032,17.183844035695337,33
14,3092,3264,172,-19.56365519257153,-7.78504028526919,21.699282791590335,46
15,3292,3467,175,-19.08421394281801,-7.042532199890658,20.25526908622509,28
16,3499,3664,165,-16.996501071770908,-4.148669590498329,13.717083402201778,32
17,3697,3891,194,-16.09118302269097,-5.92848022787139,20.225328575020562,33
18,3933,4170,237,-17.705247795870108,-6.232440866890812,19.39262607018912,42
19,4189,4460,271,-15.93578328647034,-3.3865992511230303,11.997743165297326,19
20,4503,4747,244,-15.619343786359593,-5.875726448795476,20.61542988731588,43
21,4902,5263,361,-20.58520364570822,-3.754585546194008,10.33669300300868,155
22,5326,5702,376,-14.118938918945346,-6.394691583777288,24.36652697308744,63
23,5735,6500,765,-14.717725798164338,-2.8296378539678244,10.88292154415387,33
24,6536,7134,598,-11.774250765474022,-1.7242214256754806,8.331178293947437,36
25,7220,7705,485,-12.890881751454899,-4.903649109000611,20.826650560190554,86
26,7768,8296,528,-12.439369064377416,-4.300133856581169,19.06962572611821,63
27,8336,9315,979,-13.693626149333952,-0.7709674584984612,3.2224186539403235,40
28,9399,9805,406,-6.521687568955443,-3.9477522898825157,31.187643478677302,84
29,10826,11807,981,-9.437674826928529,-2.5087531464955646,14.88629033461675,1021
30,11863,14431,2568,-12.008766369026958,-4.245628539809928,19.470747644194347,56
31,14585,16615,2030,-6.988346810546645,-1.5760348510465718,12.708917000338996,154
32,16758,18490,1732,-3.516215862101177,-12.291716144922361,74.03608789864668,143
33,18556,19195,639,-3.412663170575925,1.8083991127251267,-27.919495256190636,66
34,19639,27284,7645,-12.047624066761301,-0.9302796650979275,4.4154383248751365,444
35,27368,32837,5469,-4.299362417702213,-1.728645534307816,21.903589956137218,84
36,215743,217539,1796,-5.008719822839268,-3.3021662603484003,33.39620515862732,182906
0,462,842,380,-13.182129127444185,-3.2537539414913965,13.865209642473232,462
1,904,1254,350,-17.117127995077695,-4.339768240148004,14.226639042866562,62
2,1323,1732,409,-17.411822671084053,-4.983475531902101,15.971766087001201,69
3,2395,2520,125,-4.213456629213283,-2.3722972168295655,29.380761840882176,663
4,2549,2759,210,-13.43744512057053,-5.629424736429485,22.730547327885226,29
5,2802,2921,119,-10.04304219835494,-0.7551862775031566,4.300261757493834,43
6,2968,3088,120,-12.900159656080731,-5.4959292552169785,23.075738480648646,47
7,3112,3479,367,-25.497719979018896,-9.669166275648095,20.76757386428157,24
8,3510,3766,256,-19.55627055355646,-8.777232367193179,24.17146512159244,31
9,3802,4146,344,-19.995329442558457,-6.659056947346954,18.419337592687526,36
10,4213,4801,588,-20.712145963165497,-6.121374843300046,16.464790591272767,67
11,7085,7676,591,-17.288163239892924,-3.110873936163486,10.20077815205795,2284
12,7737,9365,1628,-13.092799231127742,-4.2028622631125785,17.796922634864725,61
0,163,445,282,-12.532276006421029,-8.591719998265162,34.43326496252065,163
1,485,630,145,-7.000013530241958,-0.989682140943259,8.047306209658641,40
2,901,1081,180,-22.997832825670713,-13.90036075183042,31.149624165070104,271
3,1099,1233,134,-19.723491184157268,-4.461315191945289,12.745425796404074,18
4,1262,1332,70,-13.15122082932676,-3.0228910754100013,12.944945004926982,29
5,1358,1553,195,-23.915267648377608,-10.969545148335769,24.64015551277849,26
6,1588,1741,153,-33.80045611694989,-9.611387187163459,15.873458305477916,35
7,1771,1926,155,-23.365520324134224,-7.479653554416643,17.75064843343373,30
8,1958,2084,126,-21.707421644707324,-6.447180603892434,16.54160476157664,32
9,2105,2246,141,-24.918586370518312,6.648593111151854,-14.939223776856222,21
10,2435,2643,208,-22.755416850394866,-4.9083632673046935,12.172257425672823,189
11,2678,2915,237,-29.806037148471177,-5.867624163836155,11.13685353054206,35
12,2949,3195,246,-25.385747242515443,-5.973858364634822,13.24210539513299,34
13,3225,3402,177,-19.78123685117845,-8.727266622111742,23.806550539311072,30
14,3427,3623,196,-19.010605261873764,-6.673917751841657,19.344280604449295,25
15,3647,3754,107,-13.27382387914372,-4.633287877357958,19.241770524598685,24
16,3791,3975,184,-19.39906097558655,-6.854132104189645,19.45948000490165,37
17,4010,4182,172,-17.820842668266963,-6.778508491487457,20.825297973672022,35
18,4209,4421,212,-20.337169976095325,-5.071372340255039,14.001979651872759,27
19,4455,4624,169,-16.65114425073412,-4.590432761814654,15.4126117128652,34
20,4656,4827,171,-16.708373110458282,-5.569162065261239,18.434036404871858,32
21,4861,5033,172,-16.21650943793732,-4.224462030572553,14.601249738736797,34
22,5074,5266,192,-16.003293076808845,-5.72528876577492,19.6850209572541,41
23,5302,5467,165,-13.276158374112256,-4.284261868664288,17.885068455809442,36
24,5500,5738,238,-21.365464473290217,-6.522401422989489,16.976265491409826,33
25,5762,5995,233,-14.781021534519041,-4.411118993401246,16.616748356831913,24
26,6034,6375,341,-18.192856292562496,-5.665906402201458,17.298457388737823,39
27,6419,6996,577,-15.655331767450477,-5.831752360705877,20.430816376255272,44
28,7048,7842,794,-12.097526594683416,-3.3464050342355023,15.462452502214168,52
29,7906,9422,1516,-10.987349615199946,-3.7609913726710005,18.89617617119497,64
30,9477,10732,1255,-9.270157255980521,-3.3974476312575774,20.127531189442564,55
31,10796,11302,506,-7.666889765623438,-2.403401593761842,17.40506254390767,64
32,14891,16189,1298,-8.887671859752018,-4.167064522592213,25.119952659845044,3589
33,16260,18293,2033,-8.563734188587361,-2.690355748970447,17.440468483701626,71
34,18349,23355,5006,-7.068070998339493,-2.5136170967632836,19.576905245789046,56
35,23416,25664,2248,-5.335289288140046,-4.891953745467674,42.51786841228007,61
36,25728,29930,4202,-5.955986117048582,1.9902823314453713,-18.47782600439542,64
37,30016,36276,6260,-5.2324072898356775,-7.445061018738656,54.900356637548306,86
38,36369,38536,2167,-1.5734142032814873,-0.2436961847846817,8.804224688010157,93
39,59966,61911,1945,-2.498811721208966,0.9833459315586452,-21.480898866096506,21430
40,79245,80822,1577,-3.5857940988931176,3.906489647251661,-47.4509605949174,17334
41,82035,85739,3704,-6.841624528537906,7.726763148502442,-48.47687350227072,1213
42,137847,142492,4645,-2.3594918935045257,1.6295076795167915,-34.62965845295246,52108
43,224410,224945,535,-6.373989733079043,-2.795009705675156,23.677565605814685,81918
44,225072,225423,351,-4.285207507598159,-0.5955745343921279,7.912499184071844,127
45,225597,227120,1523,-12.679585319417058,-6.916698033209855,28.612411926042725,174
