,start,end,length,delta_x,delta_y,original_angle,angle,interval
0,108,183,75,-3.166814387305834,-0.021565560085903712,0.39017015996318966,33.74092251078979,108
1,209,291,82,-3.1635228770690844,-1.487300172720552,25.180116903311692,42.51095485066255,26
2,306,419,113,-1.9443684267167214,-0.2884582469743293,8.438608234141855,9.080183184312146,15
3,440,584,144,-5.751840001995845,-1.9608049187768017,18.824267135533304,6.46330672410497,21
4,602,732,130,-9.8477445298561,-1.6275685909416353,9.384624694456239,2.691655820074189,18
5,743,805,62,-13.063138003375315,-6.504262055727537,26.469155038866987,21.903683439384306,11
6,821,881,60,-8.188958891560247,-3.025705961184599,20.278567400778226,15.202427133627287,16
7,1258,1447,189,-21.07697249205586,1.9672967528134393,-5.3324624750310035,-24.527560799781877,377
8,1467,1586,119,-10.063446369790071,-0.647811315149994,3.6832026694144684,20.97832486912784,20
9,1607,1710,103,-9.168598289388171,0.40455681680647615,-2.526490092290207,-2.293972869891243,21
10,1794,1879,85,-10.742858924851106,-1.666345351681258,8.816994338961276,10.158310474249685,84
11,1900,1983,83,-9.984019335258438,-5.9229717576155565,30.678334546176583,19.89434117746475,21
12,2517,2590,73,-10.506852125790118,-2.762670544054714,14.731880454428213,9.410152750990466,534
13,2707,2774,67,-3.0636806718418796,2.8451503677459726,-42.881956673122154,-28.59585176884326,117
14,2794,2864,70,-7.31604695163,-7.17128643822376,44.42750745013622,40.587916331078105,20
15,2888,2990,102,-8.2748852670438,-9.351562419165589,48.49545782778883,14.214993829526023,24
16,3011,3234,223,-17.004841771773215,-6.681991398258049,21.45216661316341,22.466332067127336,21
17,4088,4196,108,-0.7386298624380743,1.6198736755423226,-65.48796684273123,-42.254190995673895,854
18,4221,4405,184,-5.462812721724902,2.00523533921789,-20.156677582535433,31.067622844644966,25
19,4422,4505,83,-13.95705407350789,-2.4860637303494997,10.099736368195805,15.614675617693097,17
20,4530,4705,175,-11.128121415608945,-4.595004872928769,22.436625730554717,18.46070155990422,25
21,6991,7089,98,-0.9190908762669494,-1.0640383506781603,49.18033121602031,-68.44446560870529,2286
22,7109,7309,200,-0.12734854819711927,-0.6031051934048861,78.07686584865537,69.75150135989134,20
23,7434,7657,223,-7.920432915178765,-2.081196535615092,14.722399172872146,16.264576721589805,125
24,8166,8277,111,-2.8941204800631226,-1.7566366501207824,31.25638389095579,26.448425564568684,509
25,8368,8548,180,-6.363565274654832,1.4633100101460172,-12.95011353884112,3.728194719558276,91
26,8657,8724,67,-4.216241065724006,-1.8469383706393785,23.655981673121417,47.4291365761118,109
27,8822,8982,160,-6.289107221016252,1.3061061340210784,-11.732271423545498,-1.4296457781285477,98
28,9263,9401,138,-2.4436330185023962,-2.824099530135797,49.13106355998659,47.969020605432554,281
29,9541,9656,115,-2.0741369530694413,0.6262873366830775,-16.801733390147668,-59.89792531848558,140
30,10094,10192,98,-3.448535753767487,-0.7122269382463031,11.669241480002766,37.49914371945164,438
31,10204,10309,105,-5.487863521146252,-5.450144732977691,44.80242117633636,52.31409777684868,12
32,10519,10612,93,-1.4364443137232428,-2.991633983385256,64.35183437003546,44.54674780764741,210
33,10633,10758,125,-4.88843949772064,-2.7088389188350988,28.992222964703128,23.202208060182873,21
34,10787,10850,63,-4.086715259830996,-2.68394059612838,33.29481305215961,41.31105592417496,29
35,10953,11140,187,-5.00929717999017,-4.764251865896313,43.56376415818926,53.23495893736047,103
36,11161,11665,504,-12.810944029038325,-2.581822645179173,11.394340763428175,2.8077938417633668,21
37,11707,14717,3010,-14.46307064819699,-4.736569301379134,18.133312539148804,18.200709608611547,42
38,14780,14871,91,-2.542445647474395,-0.5980776440338929,13.237426581893267,8.45047514214882,63
39,14899,15010,111,-5.937900916680945,-4.378380787742159,36.403642247338105,51.86211214647769,28
40,15031,15177,146,-14.116911599561888,-7.4206167622353405,27.728858031038815,28.99322919014592,21
41,15212,15305,93,-8.66190092724409,-1.1563317895694354,7.603817799102966,3.3765943517199655,35
42,15434,15638,204,-7.4257593401058415,-1.9373282090051163,14.622128089826855,19.7823773220293,129
43,15661,18933,3272,-21.685033574999878,-1.5337676509964808,4.045753947723312,-1.8547511449135776,23
44,18986,19156,170,-4.909499540142846,-1.4718000095873407,16.688003032437,16.067760352095572,53
45,19182,19288,106,-5.615736760478825,-3.634064615186645,32.90777858864293,34.28115545244709,26
46,19315,19410,95,-6.488981370275212,-3.9226970153903977,31.153658790209867,13.368882065633457,27
47,19443,19574,131,-5.005987458725286,-2.365493968824808,25.292277215768703,19.592156338795384,33
48,19598,20040,442,-13.707677350640466,-3.9197147499657774,15.95789832480532,13.788013744799954,24
49,22730,22884,154,-3.003347397322301,-1.9900528159814002,33.52891670821856,49.6708234038123,2690
50,22907,23070,163,-6.797059865147361,-2.8724503733481015,22.909011437811056,18.447777330814546,23
51,23096,23228,132,-8.334742684164894,-4.399335868163021,27.826483011410772,25.59575950685412,26
52,23256,23410,154,-7.5910865730321575,-1.1763990017753088,8.809115723956715,6.130099576274607,28
53,23920,24199,279,-1.3309940704394592,-2.2043655594230813,58.87645599358984,41.17756220841349,510
54,24478,24592,114,1.97731595576289,1.1156413115740804,29.43256273611546,70.95613682408103,279
55,24682,24785,103,-1.3639924402916392,-0.37497399478769466,15.371411494399855,54.509908438452776,90
56,25211,25342,131,0.2692267829622921,-1.5823716151319616,-80.34408569499536,67.01547408262427,426
57,25578,25644,66,-3.5339087915260023,-2.0456438736392215,30.064899439934052,44.36206356879554,236
58,25835,25928,93,-3.737542523989873,-1.9650969148006254,27.734157324677685,8.005512247196949,191
59,26362,26582,220,-1.7385851981873657,-4.170841275715915,67.371536250634,69.75408697059123,434
60,26614,26798,184,-3.6977027928080446,-2.8768241478943963,37.88302585618994,49.53579787039826,32
61,26816,26918,102,-8.432604634248634,-4.941775674567637,30.37166500840047,10.289006229039567,18
62,28113,28703,590,-5.9728541088855565,-1.5973015086515687,14.972072677240986,10.584154343902112,1195
63,28828,33318,4490,-18.665356805343336,-1.8883115479845145,5.776767546495713,5.195166744525518,125
64,33610,33665,55,-2.4287560823739938,-3.807054007979687,57.46366870653094,80.14379632365063,292
65,33683,35150,1467,-10.43838003077633,-1.371947607158944,7.487637651612457,1.0163634765831593,18
66,35198,37608,2410,-9.152624011041752,-0.4059327123586485,2.539490210029027,-5.95688837676622,48
67,37678,40542,2864,-11.515913674486441,-0.5701783924608463,2.8345262175542425,-1.650159673552704,70
68,40630,42394,1764,-4.099799957767857,0.4015654388578156,-5.594138306672973,-9.482926356597872,88
69,42475,43963,1488,-6.320971117984001,-5.372673359389992,40.363736208312204,28.15635172578544,81
70,45470,50251,4781,-13.960510620540518,-0.846777894008099,3.471035777081101,-0.7951229678918668,1507
71,50313,52512,2199,-6.7932619587869,-1.9959475661088675,16.373465130955452,15.676094417245928,62
72,52585,53766,1181,-3.7368791245863093,-0.8771048649052346,13.20912318572821,26.41379676237344,73
73,54210,54411,201,-2.62583926824027,-2.1218215725885727,38.94010480893767,17.666186522618165,444
74,54675,54843,168,0.4977415999722581,-2.7881906950560023,-79.87830748159902,-77.63617590973965,264
75,55297,55426,129,-2.086251839414615,-3.236958330235595,57.19781710452822,89.71491123162775,454
76,55525,55656,131,-0.9562326467749926,-1.076252057417804,48.37942495379822,-36.35451226827086,99
77,55762,55842,80,-2.3938018486461203,-3.2028843647322702,53.22595095646489,16.86111128453397,106
78,55928,56006,78,-1.6938905558422732,1.739760995846737,-45.765373611015846,-37.17326540739588,86
79,56088,56171,83,-0.017165042734959002,0.7596421649660385,-88.70555214685001,67.67373210204038,82
80,57461,60367,2906,-11.838483733845209,-2.7253029496795165,12.964033516183052,6.39076431988801,1290
81,60439,60600,161,-1.905660597159681,-1.0428411863255178,28.688952744290024,42.16537911297855,72
82,60623,60826,203,-4.1526430302339605,-2.471274219827521,30.75724727675314,40.22438080402149,23
83,63194,67356,4162,-8.318900044172949,-3.0286054137304177,20.00470357886644,13.086373946558437,2368
84,67436,68734,1298,-1.484299756425699,-1.5648222924493496,46.512740168382386,-2.159949516450823,80
85,70619,73070,2451,-3.40850115968928,-1.421427648632232,22.637320103071215,-17.1822406337527,1885
86,73146,76567,3421,-4.690292170353985,-1.4810109145856387,17.52408008486299,12.369794723747004,76
87,76659,79756,3097,-4.465636330463923,-1.062444691412054,13.382758782155857,15.481545251805649,92
88,79828,80128,300,-1.4538184172870388,-1.4033438240039402,43.987918735497686,38.599887697884334,72
89,80430,80695,265,-2.9504344899520873,-0.5862747496477141,11.238732340250566,2.816549635878646,302
90,80721,80882,161,-2.12029243426214,-0.7283670735363046,18.958723473311725,64.47195061980972,26
91,81038,81138,100,0.0880607103538722,-4.498352406755814,-88.87850879402306,-81.81613878736435,156
92,81333,81591,258,-1.3443667374076398,1.1836775318733004,-41.363020926339516,-33.43899563162247,195
93,82522,82630,108,-3.2717230282291894,-2.600297966606206,38.47695291495679,38.28923330404004,931
94,82654,82761,107,3.3133910319614444,-4.070197023367953,-50.85228849513523,-85.9287077925257,24
95,82796,82877,81,-1.838271444785775,-1.6780932937349036,42.39185414577193,36.26543355558921,35
96,83071,83319,248,-5.906914833097261,-0.28736644300860803,2.785195633666379,-11.56273149975083,194
97,83510,83582,72,-3.5062088736828656,-2.4417517625832517,34.85366024293708,40.70089048448539,191
98,83782,83911,129,-4.42632002274847,-3.1970828641240843,35.8401724948488,43.70329954644176,200
99,84062,84159,97,-1.7922368713955592,-1.156063983076237,32.823623515960236,22.73574475712646,151
100,84291,84454,163,-2.6388952211016203,-2.7062554226596376,45.722009765891244,37.956670840992736,132
101,84479,84786,307,-4.908590605221519,-1.8398255693695518,20.54687642575985,9.819478467021964,25
102,85306,87284,1978,-6.848206981581242,-3.306655974629919,25.7735683482869,31.391460500867762,520
103,88139,91278,3139,-2.303970205130028,-1.6164580983231644,35.05337635007552,41.95810476721755,855
104,91366,91821,455,-2.683962539733841,-0.6876381981099371,14.370230521902904,16.704565604713174,88
105,93009,98316,5307,-6.3736397458868765,-1.4300760166291582,12.646214128117336,5.668425100717431,1188
106,98390,99682,1292,-2.6647896744457995,-1.5314023840653306,29.885137992773114,22.83412390979826,74
107,99736,101781,2045,-3.571864370516721,-1.3355324837146725,20.50094458646509,23.12234514431128,54
108,106660,106901,241,-1.133656450553346,-0.5706142361758424,26.717924679787608,27.77880307055195,4879
109,106920,107111,191,-0.20334937056045987,0.5829817215260391,-70.77075987094572,75.67041865778164,19
110,107134,111745,4611,-6.230038349766588,-0.18267085303945407,1.679487432360257,-11.145758335567068,23
111,117952,123790,5838,-4.89849466357947,-2.1298209541798343,23.49896570506732,-3.543114490197637,6207
112,123859,125163,1304,0.017852135963238425,-4.669167736994396,-89.7809358927598,-70.30140049737888,69
113,125302,126199,897,-0.8453877415670803,-0.24610133745952112,16.23083819229773,-80.1371711518817,139
114,126305,126590,285,-3.372308977205819,-3.038090374437658,42.0154756941881,45.72152966747047,106
115,126683,127069,386,-4.832806365163364,-1.7255457353914636,19.649023664452184,-11.655403899478099,93
116,127983,128142,159,2.1787751774184017,0.4648036507209383,12.042531868926066,43.77208565946989,914
117,129231,129449,218,3.820238070756375,-8.785922185559315,-66.49994307703817,-74.51955831570895,1089
118,129494,129580,86,-1.138956529671475,-3.019225990622104,69.33178874229182,69.34950028940878,45
119,129606,129672,66,3.930670046639449,-0.32922615748837813,-4.787820504224158,72.27014068711745,26
120,129710,129828,118,-3.1108301774160054,-2.8898057179173975,42.89054917378874,46.51366678467468,38
121,129848,129997,149,1.9449259510695072,-0.31082099509539773,-9.07973047231146,80.55284568129835,20
122,130050,130166,116,0.05465809837932056,-1.8001257465580807,-88.2608345648591,65.02966634229452,53
123,130540,130709,169,-2.423761258225568,-0.5708999351736566,13.254029604741836,-2.4650736612794715,374
124,130846,130953,107,-5.608983920453596,-1.9172295788598746,18.871149559767975,-5.64508767699794,137
125,131046,131225,179,-1.811495215813693,0.25210176443818,-7.922838881466277,65.01011141693813,93
126,131684,131971,287,-0.9944127679518431,-3.4895627711661206,74.09415832820021,55.35844697299293,459
127,131998,132137,139,-2.3572826564404323,-1.2227110743274494,27.4155505748331,1.5067343871939023,27
128,132395,132510,115,-2.1588465961969803,-0.4145704857238002,10.870366715425167,-10.246355775983671,258
129,132721,135249,2528,-5.217439005780207,-0.977606239446331,10.612615500857245,35.065045394482404,211
130,135630,141506,5876,-4.6300525231737595,-3.4231094887165483,36.476410222574856,34.721180816415114,381
131,141576,141932,356,-0.05933953855854668,-3.5939304135446406,89.05407288887447,79.4603541915752,70
132,141959,146879,4920,-6.342418457732535,-2.2419815999018624,19.467992911004945,-4.457030023688988,27
133,146950,152283,5333,-5.648168735466228,-2.9286760975389114,27.40754355890505,2.006544693220989,71
134,152346,154037,1691,-12.250443344320473,-2.261661116435363,10.460093656875522,12.645467869214276,63
135,158491,158678,187,-2.8367393763527815,-2.731622672963539,43.91852790116883,45.036240852708104,4454
136,158871,158998,127,-3.079098195218606,-0.32632978194733653,6.049752827087742,11.899214325795857,193
137,159136,159416,280,0.9541464851838555,1.465130794557382,56.92636109628712,-88.3317463547141,138
138,160236,164268,4032,-2.9780574798429598,-4.513736553507982,56.58410822752414,84.31979348424252,820
139,170706,172678,1972,-4.029983396016519,-1.2076734699656981,16.682005106502725,-17.422177269043107,6438
140,172731,174774,2043,-2.876382968094447,1.2845771992301565,-24.065282507142385,-30.57723275653779,53
141,174844,176638,1794,-1.2073324804990335,-1.849993429942998,56.870952026340916,56.86145508394998,70
142,179274,182148,2874,-2.5286431156870606,-1.4572199214275656,29.95421632051583,9.854185152919461,2636
143,182198,182386,188,-0.5085373647553553,-2.1653910075911256,76.7837118581471,78.14047277976135,50
144,182509,182584,75,0.9520483849895243,1.459078783182818,56.875566226547704,76.13124655085215,123
145,182604,182731,127,-1.7239399393731816,2.1107561379989193,-50.760096568599145,-21.174823067283565,20
146,183080,183223,143,0.2659523124813603,-4.482734490990339,-86.60472766521264,74.00291606150125,349
147,183238,183336,98,2.5599991480115563,-4.448789389516634,-60.082273886792294,-56.701779109851856,15
148,183804,184009,205,-1.7922748796410701,-1.7397512681866942,44.14803590456927,63.57437970910053,468
149,184230,184321,91,-2.021716430207377,-1.6852360470846008,39.81347048847389,68.47325566906412,221
150,184342,184993,651,-12.00254461762033,-3.204719330249418,14.94942420524894,3.5693851638596747,21
151,185088,185389,301,0.2923904518509204,-1.4242917077748416,-78.39902139095804,-54.77279216276297,95
152,185419,185687,268,-2.4129370916157313,-0.8950243809374996,20.35119520610887,-4.759258209202119,30
153,186113,188532,2419,-3.320072651862546,-5.080811295711314,56.837261070771255,73.68833319184425,426
154,188584,192184,3600,0.5452431685449852,-2.350251057672395,-76.93879769628063,86.78510812533305,52
155,192227,193746,1519,-1.4873893963462592,-1.9074605066757186,52.05379672496098,20.21576197626053,43
156,196111,198368,2257,-1.7381150290096343,-1.3890283897091678,38.630376848453494,79.45015212229973,2365
157,199986,200332,346,1.2979093811526639,-1.48454971454224,-48.83750768982273,-74.80164670394849,1618
158,201128,201359,231,0.2779293062999528,-3.6873544958616833,-85.6895593878885,-88.80519423336709,796
159,205576,207821,2245,-2.819364674417841,-1.5785019128746,29.243530388633275,-9.328328417398096,4217
160,207875,208515,640,-2.5235087337496083,-2.255656883568122,41.79217183949346,27.352142759243847,54
161,218298,220854,2556,-3.2607877282554654,-1.0719346359249187,18.19749741457607,-1.627148864701969,9783
162,220926,221732,806,-0.6484852671406429,-0.7511759485085179,49.19617214611843,-85.81248134756598,72
163,221985,222434,449,-0.8780099105780863,-1.364719724365358,57.24427816275748,62.478867611718286,253
164,223981,224350,369,-2.1098843708891195,-4.109858365056894,62.82532575921131,58.28687351614396,1547
165,229814,231586,1772,0.2062647256171175,-3.5941358154173173,-86.71544147889419,-75.54625243786035,5464
166,231663,233579,1916,1.624773226118279,-1.5721992271812724,-44.05785964767968,-5.7605443238925655,77
167,235256,236141,885,-3.569407628412236,-3.916167945519504,47.652262243783774,36.86792310004213,1677
168,237120,239781,2661,-5.0992085696345555,-1.9219705780068779,20.652202139870717,8.097216552947264,979
169,243231,244791,1560,-2.119251046300235,-0.9792227860406229,24.799806777136325,-8.127881317838748,3450
170,244863,245081,218,-1.465050156999368,-1.3672861783319235,43.0231018811035,33.821756834741265,72
171,245783,246199,416,0.3654471707764202,-1.6915302092665172,-77.80888639687718,40.436657183993375,702
172,257594,257714,120,-4.760332477211392,-3.354223813003969,35.169276914675066,28.099811752731622,11395
173,257731,257959,228,-6.532946960848449,-0.469950385375725,4.1145094974096565,-38.06622239316648,17
174,257990,258364,374,-4.270137134228179,-3.2969673604775096,37.67168399317413,52.91209164355009,31
175,259509,265720,6211,-3.8561101815114824,-4.121568607034376,46.90582223162895,46.729204779550315,1145
176,267916,270495,2579,0.16052672085420738,-1.9242422054550588,-85.23123664157026,85.33897633024291,2196
